1.0	-1.3109856092200856	1.0
1.0	-0.47303603052500603	1.0
1.0	-1.4159567164891045	1.0
1.0	-1.8132779428938826	1.0
1.0	-1.733664604517639	1.0
1.0	-1.1936440948383227	1.0
1.0	-1.8527294009221984	1.0
1.0	-1.7258118072563848	1.0
1.0	-1.2910500409753818	1.0
1.0	-0.3789681548738495	1.0
1.0	-0.9991118759628591	1.0
1.0	-0.5000809954314827	1.0
0.0	0.7186637945348051	1.0
1.0	-1.0940336377404865	1.0
1.0	-0.9594722427564408	1.0
0.0	0.8851497237778455	1.0
1.0	-0.6575264084628512	1.0
1.0	-1.9443638701127242	1.0
1.0	-1.5394239188333054	1.0
1.0	-1.1441755983931048	1.0
0.0	0.04127613194750152	1.0
1.0	-0.4902955783681327	1.0
1.0	-1.5381682700983936	1.0
1.0	-1.1804531696739065	1.0
1.0	-1.7295204853733577	1.0
1.0	-1.4646885493681239	1.0
1.0	-0.9023006319430009	1.0
1.0	-0.5845831870084963	1.0
1.0	-2.7579049284159765	1.0
0.0	1.3323822145305355	1.0
1.0	-1.382063289688204	1.0
1.0	-0.6276954979062082	1.0
1.0	-1.5857116079344042	1.0
0.0	0.18479779217776682	1.0
1.0	-1.651075923150787	1.0
1.0	-1.893583204422981	1.0
1.0	-1.6681840368716654	1.0
1.0	-0.6465910200186303	1.0
1.0	-1.2820285332979762	1.0
1.0	-1.3334924792524379	1.0
1.0	-1.3171973599941065	1.0
1.0	-0.7186167942249363	1.0
0.0	6.880140244137148E-4	1.0
1.0	-1.8543305799264194	1.0
1.0	-1.4407856922852038	1.0
1.0	-1.042952114512571	1.0
1.0	-1.3910246675859335	1.0
1.0	-1.2757323560606262	1.0
0.0	0.2704648967665349	1.0
1.0	-1.6763727867311877	1.0
1.0	-1.122654180031454	1.0
1.0	-0.14415452122831915	1.0
0.0	0.18040901908407858	1.0
1.0	-1.6511303778415751	1.0
1.0	-1.3704456664219244	1.0
1.0	-0.23875252986346726	1.0
1.0	-1.6508172312216178	1.0
1.0	-1.017341709012754	1.0
1.0	-1.6087497963091069	1.0
1.0	-1.259083605525263	1.0
0.0	0.6262740614913476	1.0
1.0	-1.4861786121657514	1.0
0.0	0.9287475122839312	1.0
1.0	-1.4649497820071289	1.0
0.0	1.1508115742822675	1.0
1.0	-1.4236334058332691	1.0
1.0	-1.3513908758267332	1.0
1.0	-0.9955204427582537	1.0
0.0	1.2056900577832446	1.0
1.0	-1.7012030637299862	1.0
1.0	-2.2274622708621776	1.0
1.0	-1.279107073605807	1.0
1.0	-1.549077278236086	1.0
1.0	-1.7365233641946558	1.0
1.0	-0.8455540442469082	1.0
1.0	-1.5142921540524696	1.0
1.0	-1.057050324192282	1.0
1.0	-0.5016301090069955	1.0
1.0	-0.22049374415677894	1.0
1.0	-0.5225611080576186	1.0
0.0	0.6791325448568204	1.0
1.0	-1.9341728973103813	1.0
1.0	-0.4222959180073206	1.0
1.0	-0.8317181073838927	1.0
1.0	-0.5765532096019219	1.0
1.0	-1.3680043229680718	1.0
1.0	-1.4912417062065249	1.0
1.0	-0.9513047385124889	1.0
1.0	-0.5728629620969817	1.0
1.0	-1.2625278591399143	1.0
1.0	-1.3411709101441331	1.0
1.0	-0.9680076300823908	1.0
1.0	-0.39759660652714374	1.0
1.0	-1.169259063943607	1.0
1.0	-1.694290437100385	1.0
1.0	-0.30074602192795946	1.0
1.0	-0.36853086873401997	1.0
1.0	-0.42751577156233866	1.0
1.0	-1.0295955157621157	1.0
1.0	-1.1324058176174994	1.0
1.0	-1.4654632545871995	1.0
1.0	-1.8091945609912563	1.0
1.0	-1.039625198324552	1.0
1.0	-0.725613149654255	1.0
1.0	-1.7670843239087972	1.0
0.0	0.11192070597902776	1.0
1.0	-1.5660226663725823	1.0
1.0	-1.9433674740108506	1.0
1.0	-0.17147898392710337	1.0
1.0	-0.9574625555635745	1.0
1.0	-0.4703028746341959	1.0
1.0	-0.7197026216202946	1.0
1.0	-1.0645665281354577	1.0
1.0	-1.978926490687702	1.0
1.0	-0.5955736716576524	1.0
1.0	-1.0782775452912223	1.0
0.0	0.44107365576344104	1.0
0.0	0.9042047884147402	1.0
1.0	-1.1942532375793253	1.0
1.0	-0.6919550973956979	1.0
1.0	-1.1673982593766865	1.0
1.0	-1.450685087057317	1.0
1.0	-0.05324084795424994	1.0
1.0	-1.963213166879114	1.0
1.0	-2.3631555940955353	1.0
1.0	-0.6761284549324735	1.0
1.0	-0.10769172773112673	1.0
1.0	-0.5534713815968879	1.0
0.0	1.1790709647468125	1.0
1.0	-0.5416789544199134	1.0
1.0	-1.710661434874137	1.0
1.0	-1.1849552396102379	1.0
1.0	-1.6368809823922923	1.0
1.0	-1.5421313233946172	1.0
1.0	-0.7874351537457777	1.0
1.0	-0.035138804566447655	1.0
1.0	-0.6933731111163081	1.0
1.0	-0.6108147660624728	1.0
1.0	-0.9771371773447679	1.0
1.0	-2.100480036230195	1.0
1.0	-1.1927012981137348	1.0
1.0	-0.8723902305080534	1.0
1.0	-1.6116622302547443	1.0
0.0	0.9415593087255152	1.0
1.0	-0.6628793528225732	1.0
0.0	0.07269447398007889	1.0
1.0	-1.0714591789962327	1.0
1.0	-1.16233520750607	1.0
1.0	-0.5103763847356056	1.0
1.0	-0.6878705623552158	1.0
1.0	-0.7583034998833138	1.0
1.0	-1.4222535189998202	1.0
1.0	-1.0804040162632413	1.0
1.0	-1.5596846023001283	1.0
1.0	-0.9533843072145259	1.0
1.0	-1.1213296001308846	1.0
1.0	-0.5668216129025512	1.0
1.0	-0.8432878050029797	1.0
0.0	0.9762308942876932	1.0
1.0	-1.6295119973389818	1.0
1.0	-1.771901594242219	1.0
1.0	-0.9425201712179136	1.0
1.0	-1.5978673885427694	1.0
1.0	-1.6751036145241718	1.0
1.0	-0.47380253992773097	1.0
1.0	-0.9632000793377777	1.0
1.0	-1.8853595010676438	1.0
1.0	-1.7912726262518888	1.0
1.0	-1.3589297172701384	1.0
1.0	-1.5838704486344282	1.0
1.0	-1.7710200268502818	1.0
1.0	-1.2769047848010904	1.0
1.0	-1.2807655813456449	1.0
1.0	-1.0987529794305257	1.0
1.0	-1.0439144725226044	1.0
1.0	-0.7800109234953277	1.0
1.0	-1.5197249664461896	1.0
1.0	-0.9833159422231829	1.0
0.0	1.175329856247909	1.0
1.0	-0.5109105620431813	1.0
0.0	1.5883855734906136	1.0
1.0	-0.7339050999008039	1.0
1.0	-1.31628933780485	1.0
1.0	-1.3191434475085564	1.0
0.0	1.2042243288900272	1.0
1.0	-1.0606111574547346	1.0
1.0	-0.9691136515981098	1.0
1.0	-0.10219576073230274	1.0
1.0	-0.45080186955930723	1.0
1.0	-0.6535973442632084	1.0
1.0	-0.032951520071898104	1.0
1.0	-1.8168945464333013	1.0
1.0	-1.1525763159202542	1.0
0.0	0.2675727870624085	1.0
1.0	-0.7253340094961707	1.0
1.0	-1.274273858982205	1.0
1.0	-1.727759210499289	1.0
1.0	-0.9840304939269231	1.0
0.0	1.445143065782599	1.0
1.0	-1.0032718553705526	1.0
1.0	-1.3182062061296174	1.0
1.0	-1.2921408456398953	1.0
1.0	-0.6045256750279184	1.0
0.0	0.877819586783486	1.0
1.0	-1.1767091299545145	1.0
1.0	-0.24865599748435604	1.0
0.0	1.4591409860192432	1.0
1.0	-0.6213379238468718	1.0
1.0	-2.2050974193664756	1.0
1.0	-1.7375788153922551	1.0
1.0	-0.5085010233421827	1.0
0.0	0.028844544734224993	1.0
1.0	-0.8106185370278379	1.0
0.0	2.442079714834946	1.0
1.0	-0.9680402461328588	1.0
1.0	-0.5741952316526405	1.0
1.0	-2.1354932083230564	1.0
1.0	-2.153512564678512	1.0
1.0	-1.5841036621366902	1.0
1.0	-1.6866876803443303	1.0
0.0	0.9380640171975124	1.0
1.0	-1.4145502944216652	1.0
1.0	-0.9400350401624994	1.0
0.0	1.183032342449173	1.0
1.0	-1.801824136326554	1.0
1.0	-0.9933433278486123	1.0
1.0	-1.0820303509199718	1.0
1.0	-0.8277403368281793	1.0
0.0	1.4278001931880164	1.0
1.0	-1.1403571446845537	1.0
1.0	-1.5144123336991722	1.0
1.0	-0.7215303881882207	1.0
1.0	-1.6177984490981174	1.0
1.0	-1.4574834192471415	1.0
1.0	-1.660508587048958	1.0
1.0	-0.38536195470019213	1.0
0.0	1.2454324079800616	1.0
1.0	-0.6013354315143397	1.0
1.0	-1.07616581377726	1.0
1.0	-0.9473343615798554	1.0
1.0	-1.9869257576289834	1.0
1.0	-0.9132130552551335	1.0
1.0	-1.246120160122761	1.0
1.0	-1.6264205454757117	1.0
1.0	-1.03007687380408	1.0
1.0	-0.8006989234466949	1.0
1.0	-0.031756756936363255	1.0
1.0	-0.2771130306655204	1.0
1.0	-0.9687992893154267	1.0
1.0	-1.576143626854847	1.0
1.0	-1.360195719556045	1.0
1.0	-0.8510457595050323	1.0
1.0	-0.28739066031105437	1.0
0.0	1.0737701305867704	1.0
1.0	-0.9915657595243114	1.0
1.0	-1.5273390809323768	1.0
0.0	0.01119907201818434	1.0
0.0	0.23356816490636378	1.0
1.0	-1.4383541589415265	1.0
1.0	-2.085372811843723	1.0
1.0	-1.4895430417031432	1.0
1.0	-1.6089439102252487	1.0
1.0	-1.7963367278030338	1.0
1.0	-0.9584702515102967	1.0
1.0	-1.1883266827413808	1.0
1.0	-1.0285667554053646	1.0
0.0	0.1565372603663151	1.0
1.0	-0.49772220801228384	1.0
1.0	-1.6630064408110925	1.0
1.0	-1.1215593769691476	1.0
1.0	-1.179748209097578	1.0
1.0	-1.057772565241956	1.0
1.0	-1.4404948404963394	1.0
1.0	-1.7001909979502832	1.0
1.0	-0.7096129061553978	1.0
1.0	-1.3395984081950758	1.0
1.0	-0.933433517991124	1.0
1.0	-1.3139175792561208	1.0
1.0	-1.3246157601368391	1.0
1.0	-1.4009877624775182	1.0
1.0	-1.4358785829533547	1.0
1.0	-0.7594956378084898	1.0
1.0	-1.603312674510299	1.0
1.0	-1.9512998192198587	1.0
1.0	-0.5086928449353765	1.0
0.0	0.18536499992371355	1.0
1.0	-1.5975859733076945	1.0
1.0	-0.8910293668998902	1.0
1.0	-0.4330192466709507	1.0
1.0	-1.596668498655612	1.0
1.0	-1.092512001560802	1.0
1.0	-0.5417673450436511	1.0
1.0	-1.5719527978529055	1.0
1.0	-0.3740087658694389	1.0
1.0	-0.39159803692660944	1.0
1.0	-0.16512637221624468	1.0
1.0	-1.8666050762756377	1.0
1.0	-0.6306259884882038	1.0
0.0	0.08147676149360639	1.0
1.0	-1.1757322372549541	1.0
1.0	-0.32278281610343373	1.0
1.0	-2.4980828354162283	1.0
1.0	-0.7593776287776743	1.0
1.0	-2.5118503513305495	1.0
1.0	-0.8190326832181465	1.0
1.0	-1.2192290792347205	1.0
1.0	-0.6524587149341505	1.0
1.0	-1.606134444534533	1.0
1.0	-0.5503830004703141	1.0
0.0	1.4400220223924716	1.0
0.0	0.11522362140445347	1.0
1.0	-0.9669422439512714	1.0
1.0	-1.0603537434583028	1.0
1.0	-2.064014149384619	1.0
1.0	-1.9523958848391127	1.0
1.0	-1.2474820176734462	1.0
1.0	-1.3366470235019725	1.0
1.0	-0.260679016748734	1.0
1.0	-0.4409846307553796	1.0
1.0	-0.0017314124554976412	1.0
1.0	-0.9425034846952616	1.0
1.0	-1.1559446220583516	1.0
1.0	-1.740832824622542	1.0
1.0	-1.0149301498958658	1.0
1.0	-0.7741982618944772	1.0
1.0	-2.334131293537226	1.0
1.0	-1.0682807682624726	1.0
1.0	-1.6096393065432566	1.0
1.0	-1.1107468626597163	1.0
1.0	-1.1171562304665135	1.0
1.0	-1.3826241117739502	1.0
1.0	-1.363363807320113	1.0
0.0	0.15970861938766245	1.0
1.0	-0.8386747541121781	1.0
1.0	-0.39801729236789607	1.0
0.0	0.2654511043261719	1.0
1.0	-0.8278049423387891	1.0
1.0	-0.14845708143834077	1.0
1.0	-0.5437996310695088	1.0
1.0	-1.5411187423463388	1.0
1.0	-0.636126439694045	1.0
1.0	-1.2374337770173922	1.0
1.0	-0.8855052759128033	1.0
1.0	-0.8142074234502161	1.0
0.0	0.4410995697880461	1.0
1.0	-0.16245157728601092	1.0
1.0	-1.2152848207080358	1.0
1.0	-1.2693830142438234	1.0
1.0	-1.5603854074534815	1.0
0.0	0.04529865617068315	1.0
1.0	-1.2274020647950865	1.0
1.0	-1.1830345809553944	1.0
1.0	-0.12075104136255876	1.0
1.0	-0.7856690388444949	1.0
1.0	-2.1018231145639623	1.0
1.0	-0.6377670540778092	1.0
1.0	-0.2647755023663022	1.0
0.0	0.7301666574465334	1.0
1.0	-1.1126415849494034	1.0
0.0	0.24536606151642426	1.0
1.0	-0.06964549553804547	1.0
1.0	-1.0909225114565244	1.0
1.0	-0.7334940245418765	1.0
1.0	-1.419235224687527	1.0
1.0	-0.37813641861629177	1.0
1.0	-1.3154916952559537	1.0
0.0	0.6722398618338438	1.0
1.0	-1.1557541280364578	1.0
1.0	-0.14708070799054246	1.0
1.0	-0.2925006935643107	1.0
1.0	-1.0292437632726317	1.0
1.0	-1.0123812089163113	1.0
1.0	-1.7591429623891568	1.0
1.0	-1.5983135885311714	1.0
1.0	-0.9543415600024411	1.0
1.0	-0.0793184943565752	1.0
0.0	0.7719447368702714	1.0
1.0	-1.5510388359956526	1.0
1.0	-0.6931002336481554	1.0
1.0	-1.546613579214432	1.0
1.0	-0.010255563065912014	1.0
1.0	-1.3254481404784284	1.0
1.0	-1.09063355924935	1.0
1.0	-0.6871541927459394	1.0
1.0	-1.1308770960154624	1.0
1.0	-1.1305462973701452	1.0
1.0	-0.7901233244726156	1.0
1.0	-0.7929023421643917	1.0
1.0	-1.1459378679349652	1.0
1.0	-0.38838172895408674	1.0
1.0	-1.9330335694641383	1.0
1.0	-1.0730428910712955	1.0
1.0	-1.4220176278660352	1.0
0.0	1.3103720162699712	1.0
1.0	-1.575713032621637	1.0
1.0	-0.44654509691744826	1.0
1.0	-1.0025071986763083	1.0
1.0	-0.9376133837555628	1.0
1.0	-0.40669830573347926	1.0
1.0	-0.5099517415505669	1.0
1.0	-2.0875569147616706	1.0
1.0	-0.9180395053897072	1.0
1.0	-1.172323062222595	1.0
1.0	-1.7319212217053817	1.0
1.0	-1.2190578368709724	1.0
1.0	-0.9833806476608142	1.0
1.0	-1.1048035178827265	1.0
1.0	-1.3740066335328394	1.0
1.0	-1.0981385561779822	1.0
1.0	-2.1003908964525597	1.0
1.0	-0.988216971482939	1.0
1.0	-1.13001766570451	1.0
1.0	-1.0830632081591196	1.0
1.0	-1.0126552342613782	1.0
0.0	0.9960803485224621	1.0
0.0	0.8382844426151554	1.0
0.0	0.7753785172920307	1.0
1.0	-1.3776548388609833	1.0
0.0	0.5710078193464578	1.0
1.0	-0.41693841053498554	1.0
1.0	-0.2205915267091088	1.0
1.0	-0.16255694138706006	1.0
1.0	-0.20822744148296324	1.0
1.0	-0.7101727493705066	1.0
1.0	-1.0536492269007434	1.0
1.0	-0.37422218904786253	1.0
0.0	0.2595439592440718	1.0
1.0	-1.1501206538403308	1.0
0.0	0.11104322185130439	1.0
1.0	-1.9370029538559808	1.0
1.0	-1.964988630770838	1.0
1.0	-1.518201374027233	1.0
1.0	-0.7779737365543109	1.0
0.0	0.6767200571958641	1.0
1.0	-0.7121456747442133	1.0
1.0	-0.3260092236072402	1.0
1.0	-0.20810513747483322	1.0
0.0	0.6330980455743241	1.0
1.0	-0.933934528346099	1.0
1.0	-1.3566320881527543	1.0
1.0	-0.05749565461035203	1.0
1.0	-0.3073173182217335	1.0
0.0	1.5997629816701602	1.0
1.0	-1.1261097147500392	1.0
1.0	-1.6325733463380128	1.0
0.0	0.33384992422533394	1.0
1.0	-1.7314686027247554	1.0
0.0	0.784673599031513	1.0
1.0	-0.031273628602925756	1.0
1.0	-0.2944088442484474	1.0
1.0	-1.1003821384351051	1.0
1.0	-2.12636095089125	1.0
1.0	-1.1469093661220975	1.0
1.0	-1.1161439238312563	1.0
1.0	-0.26951229955185335	1.0
1.0	-0.6110155833607858	1.0
1.0	-1.627633388465001	1.0
1.0	-0.21716435684630325	1.0
0.0	1.296770805799754	1.0
1.0	-0.946788155416476	1.0
1.0	-1.9832918575116527	1.0
1.0	-0.25800341785809217	1.0
0.0	0.2766560882937634	1.0
1.0	-2.114553626339494	1.0
1.0	-1.9339482709059908	1.0
1.0	-1.6118644992131668	1.0
1.0	-1.447832634994693	1.0
1.0	-0.3043702219433434	1.0
1.0	-1.5641157911383863	1.0
0.0	0.527094568663117	1.0
0.0	0.6910399646361867	1.0
1.0	-1.6004421840611847	1.0
1.0	-1.8143739620836952	1.0
1.0	-1.1183618155043105	1.0
1.0	-0.8785759961715183	1.0
1.0	-1.8831506532667779	1.0
0.0	0.036621778003760076	1.0
1.0	-1.5264096794395074	1.0
1.0	-1.1892790601524297	1.0
1.0	-0.8143023190443159	1.0
1.0	-1.1523305786407265	1.0
1.0	-0.2213438554578714	1.0
1.0	-0.5745792941174976	1.0
1.0	-1.4090750782566628	1.0
1.0	-1.2624089671259728	1.0
1.0	-1.233933973517988	1.0
1.0	-1.4796050316574723	1.0
1.0	-1.4154187061959385	1.0
1.0	-2.4642363774337945	1.0
1.0	-1.729954484104288	1.0
0.0	0.10749339453657114	1.0
1.0	-1.5220887644325554	1.0
1.0	-1.2237803693727327	1.0
1.0	-1.5295238354124594	1.0
0.0	0.8423089428281005	1.0
1.0	-0.9861114139664797	1.0
1.0	-1.8847663999213629	1.0
1.0	-1.4266187675960238	1.0
1.0	-1.189056877166337	1.0
1.0	-1.6064150013228573	1.0
1.0	-1.1710630187207693	1.0
1.0	-2.2078918555351237	1.0
0.0	1.0184307186781212	1.0
1.0	-1.2799893839693584	1.0
1.0	-1.5718790280788917	1.0
1.0	-1.3135438072942882	1.0
1.0	-1.1346034260579687	1.0
1.0	-0.8381676171610122	1.0
1.0	-1.3438662057195154	1.0
1.0	-0.9365633762995302	1.0
1.0	-1.0662110121362538	1.0
0.0	0.3772389772831549	1.0
1.0	-1.453280124667455	1.0
0.0	0.18651168430366716	1.0
1.0	-0.8955506798287963	1.0
1.0	-2.1201550596856094	1.0
1.0	-1.4668424653097696	1.0
1.0	-1.2890508888242747	1.0
1.0	-2.4616541309809437	1.0
0.0	0.35143135819572136	1.0
1.0	-0.09761917519564331	1.0
1.0	-1.6285082264129358	1.0
1.0	-0.8850028034408668	1.0
1.0	-1.5392059144254273	1.0
1.0	-1.695466305516799	1.0
1.0	-0.7955119491834007	1.0
1.0	-1.6818836905074683	1.0
1.0	-1.8222120949622909	1.0
1.0	-1.5496690810471505	1.0
1.0	-1.2186625182481077	1.0
1.0	-1.8891286099966258	1.0
1.0	-1.333494705201515	1.0
1.0	-0.9886551583976984	1.0
1.0	-1.1484921226544926	1.0
1.0	-1.2959883246862152	1.0
1.0	-1.415183280904634	1.0
1.0	-1.204434946795774	1.0
1.0	-1.1743803866130016	1.0
1.0	-1.7491280014976014	1.0
1.0	-0.5699273620749159	1.0
1.0	-1.2015632793946203	1.0
1.0	-1.6846020540901387	1.0
1.0	-0.7551419977291394	1.0
1.0	-1.7559797534666046	1.0
1.0	-1.575559735308848	1.0
1.0	-1.9796444158679998	1.0
1.0	-1.9428420167782747	1.0
1.0	-0.9174293524565347	1.0
1.0	-1.4363982288076778	1.0
0.0	0.4247569568202229	1.0
0.0	0.9429678564457747	1.0
1.0	-0.19880340623300558	1.0
1.0	-0.13334815823667573	1.0
1.0	-0.7231712236143991	1.0
1.0	-0.7866453028059395	1.0
1.0	-1.0591323749444992	1.0
1.0	-1.2971148167493753	1.0
1.0	-1.6224799381712773	1.0
1.0	-1.776766777212535	1.0
1.0	-1.2659633290662442	1.0
1.0	-1.818997318146208	1.0
0.0	1.4435707779751559	1.0
1.0	-1.2032482839244454	1.0
1.0	-1.0772988585935577	1.0
0.0	0.2169384361764829	1.0
0.0	1.3487748950260798	1.0
1.0	-1.2176081446069897	1.0
1.0	-1.2503964569447172	1.0
1.0	-1.6185973524300394	1.0
1.0	-1.4738612354482845	1.0
1.0	-0.5897126391216638	1.0
1.0	-1.2483092799652376	1.0
1.0	-1.519194190124509	1.0
1.0	-1.3065036108449515	1.0
1.0	-0.8717712477981098	1.0
1.0	-0.37155880413198894	1.0
1.0	-1.2799852379619818	1.0
1.0	-1.9820387464241755	1.0
1.0	-0.7860244223123151	1.0
1.0	-1.0342006758006483	1.0
1.0	-0.49885405461554455	1.0
1.0	-0.9423912771984936	1.0
0.0	0.45119855274705956	1.0
1.0	-1.877304437253994	1.0
1.0	-1.8782262537070127	1.0
1.0	-1.4270505274926857	1.0
1.0	-1.313881684140916	1.0
1.0	-1.0319102935057367	1.0
1.0	-1.8424944488131692	1.0
1.0	-1.1324065083780903	1.0
1.0	-1.1402307471411952	1.0
1.0	-1.7999767578647976	1.0
1.0	-2.6337574638620245	1.0
1.0	-2.3061234566516693	1.0
1.0	-1.4438470534742356	1.0
1.0	-0.5658294373006291	1.0
1.0	-1.6139711565659924	1.0
1.0	-1.913173094647063	1.0
1.0	-1.314067133645708	1.0
1.0	-1.0272360711936712	1.0
1.0	-1.2794365885516055	1.0
1.0	-0.2392989091152913	1.0
1.0	-0.1384445757129749	1.0
0.0	1.1694865588237706	1.0
1.0	-1.0127329361828528	1.0
1.0	-2.0620039877839633	1.0
1.0	-1.3648385231804985	1.0
0.0	0.9738060601645999	1.0
1.0	-1.0001031748231193	1.0
1.0	-1.548990043734247	1.0
1.0	-1.6354746371596753	1.0
1.0	-1.3969967879179497	1.0
1.0	-1.4709478100138669	1.0
1.0	-0.9023018750135817	1.0
1.0	-1.0388945910198601	1.0
1.0	-1.5070642423270388	1.0
1.0	-1.396571007454809	1.0
1.0	-0.8317674647944883	1.0
1.0	-1.0643975484386028	1.0
1.0	-0.3671361251457972	1.0
1.0	-0.5538625954688658	1.0
1.0	-0.48622098959446114	1.0
1.0	-1.4482218790273234	1.0
1.0	-1.622396018128475	1.0
0.0	0.4608085103333377	1.0
1.0	-1.3208045453246278	1.0
1.0	-0.41192122986753144	1.0
1.0	-1.9482607005382144	1.0
1.0	-2.1363142852117227	1.0
1.0	-0.8200000446408745	1.0
1.0	-1.7766015478873751	1.0
1.0	-0.9163820753181143	1.0
1.0	-1.0967893979701333	1.0
1.0	-2.0723282472616686	1.0
1.0	-1.6112215546259465	1.0
1.0	-2.142931200788305	1.0
1.0	-1.5706825153449444	1.0
1.0	-1.8681065537719252	1.0
1.0	-1.0745501610448338	1.0
1.0	-0.9564563074930754	1.0
1.0	-1.3113573110051524	1.0
1.0	-1.2580507056811767	1.0
1.0	-0.8382358496435565	1.0
1.0	-1.242258260315956	1.0
0.0	0.04805523563093945	1.0
1.0	-1.2386857963140985	1.0
1.0	-1.72163793402623	1.0
0.0	0.08961680993681839	1.0
1.0	-2.2408656664766227	1.0
1.0	-1.5573046056248052	1.0
1.0	-1.3428841379344383	1.0
1.0	-1.7775794515050758	1.0
0.0	1.0103746168619718	1.0
1.0	-2.0218550562107733	1.0
1.0	-1.668298407815404	1.0
1.0	-0.7787558484823687	1.0
0.0	0.20731163799952912	1.0
1.0	-1.5136189301489726	1.0
1.0	-1.3306580854001486	1.0
1.0	-0.6447391366771585	1.0
1.0	-1.3980552752299142	1.0
1.0	-0.5493755498632024	1.0
1.0	-1.3701867501722749	1.0
1.0	-1.135110548921729	1.0
0.0	1.2385297790400838	1.0
1.0	-0.11721722294053674	1.0
1.0	-1.9420796520727062	1.0
1.0	-0.407614144549976	1.0
1.0	-1.6944591830351783	1.0
1.0	-1.0648566681765699	1.0
1.0	-1.1001281554428326	1.0
1.0	-1.4571220773997937	1.0
1.0	-1.1996656374365788	1.0
1.0	-1.293400862052824	1.0
1.0	-1.3932076019145028	1.0
1.0	-1.0042183466249561	1.0
1.0	-1.4561776622063312	1.0
1.0	-1.7958519333002554	1.0
1.0	-0.7068634656804615	1.0
1.0	-1.8774409408028172	1.0
1.0	-0.25092184283793	1.0
1.0	-1.494853274000356	1.0
1.0	-0.6865557691726977	1.0
1.0	-0.9085967555365898	1.0
1.0	-0.8735375477297039	1.0
1.0	-0.7766499595808994	1.0
1.0	-0.9308489991013884	1.0
1.0	-1.7072899445360938	1.0
1.0	-1.5037731486630914	1.0
1.0	-0.9546909196177812	1.0
0.0	0.7718782402883819	1.0
0.0	1.2695291518745349	1.0
1.0	-0.848276129199219	1.0
1.0	-2.047636825878478	1.0
0.0	1.1772492778169554	1.0
1.0	-1.4822011450149786	1.0
1.0	-0.8104949413805941	1.0
1.0	-0.313238222522982	1.0
1.0	-0.6565217438598367	1.0
1.0	-2.085305025947409	1.0
1.0	-1.1544824328000987	1.0
1.0	-1.8063384716852988	1.0
1.0	-1.4947112051895568	1.0
1.0	-1.8449488045775126	1.0
1.0	-1.1666097585609505	1.0
1.0	-1.5177016902123155	1.0
1.0	-0.4496583951431449	1.0
1.0	-2.0387819283751822	1.0
1.0	-0.3753400893345906	1.0
1.0	-1.2661752506295347	1.0
1.0	-0.8742189030128231	1.0
0.0	0.04870298325381941	1.0
1.0	-0.9164037808606349	1.0
1.0	-1.2898060611407518	1.0
1.0	-1.8348781270290409	1.0
1.0	-0.12358626177607987	1.0
1.0	-0.779826507581092	1.0
1.0	-0.6781877091099094	1.0
1.0	-1.658574484450509	1.0
0.0	0.46958782318191383	1.0
0.0	0.77579437008888	1.0
1.0	-1.7537405429905337	1.0
1.0	-1.5787928080809441	1.0
1.0	-1.9622339400503641	1.0
1.0	-0.39948528143333784	1.0
1.0	-1.822491736179793	1.0
1.0	-1.172475011809836	1.0
1.0	-0.5355696537648792	1.0
1.0	-2.098524376685733	1.0
1.0	-1.808277049822965	1.0
1.0	-1.2410969238556173	1.0
1.0	-0.5058922980292094	1.0
1.0	-1.5272793169775	1.0
1.0	-0.21520717589285776	1.0
1.0	-1.3791570504907886	1.0
1.0	-0.4317434035884079	1.0
0.0	1.392647585740695	1.0
0.0	1.2622825058490912	1.0
1.0	-0.5668183891800175	1.0
1.0	-0.38030047423412267	1.0
1.0	-0.6354027549319854	1.0
1.0	-1.217438887980993	1.0
1.0	-1.4370764023377496	1.0
1.0	-0.2987928767430636	1.0
1.0	-1.31755701082822	1.0
1.0	-1.7604732295817096	1.0
1.0	-1.7288714552455282	1.0
1.0	-1.2641589139985754	1.0
1.0	-1.9297733997416724	1.0
1.0	-0.14238861244460146	1.0
1.0	-0.8436416206237295	1.0
1.0	-1.3942075297041099	1.0
1.0	-1.445226110220387	1.0
1.0	-1.3642268218380953	1.0
1.0	-0.22380470371791114	1.0
0.0	0.10414348221873018	1.0
0.0	0.06430851534618226	1.0
1.0	-0.8380573460539952	1.0
1.0	-2.1864765514069346	1.0
1.0	-0.6054151009281947	1.0
1.0	-1.1610574321167195	1.0
1.0	-1.4646775837359483	1.0
1.0	-2.2318297472396575	1.0
1.0	-1.5106031330648275	1.0
1.0	-1.0724148156974287	1.0
0.0	0.4832187312675562	1.0
1.0	-2.07756507835774	1.0
1.0	-0.5684076630793314	1.0
1.0	-0.611258992534412	1.0
1.0	-1.3217043360374443	1.0
1.0	-0.7853210359985603	1.0
1.0	-0.8121298070808262	1.0
1.0	-1.217006198397437	1.0
1.0	-1.1296554878005582	1.0
1.0	-0.4229704412025218	1.0
1.0	-0.23531394868384026	1.0
1.0	-0.5328217036857704	1.0
1.0	-1.706125494578079	1.0
1.0	-0.6255765487977113	1.0
0.0	1.6054641335760431	1.0
1.0	-1.336148356645656	1.0
1.0	-1.3752463137367503	1.0
1.0	-1.01431017185606	1.0
1.0	-1.1238378412352232	1.0
1.0	-1.4513754096671756	1.0
1.0	-1.646054864892356	1.0
1.0	-1.8800162052946103	1.0
1.0	-1.1179004855922097	1.0
1.0	-1.9905768270924014	1.0
0.0	0.17171451086433454	1.0
1.0	-1.4126950055655425	1.0
1.0	-1.444210994079048	1.0
1.0	-1.2272306257722347	1.0
1.0	-1.7700970011431916	1.0
1.0	-2.298923425591253	1.0
1.0	-0.3524127205133028	1.0
0.0	1.205491726394007	1.0
1.0	-1.7826673944414633	1.0
1.0	-1.329580879723048	1.0
1.0	-1.3502234556912103	1.0
1.0	-0.9551967728775688	1.0
1.0	-0.24959376311812353	1.0
1.0	-1.4569342584651372	1.0
1.0	-1.6278836979536917	1.0
1.0	-0.6491936440149031	1.0
1.0	-1.0401038934283098	1.0
1.0	-0.8696215725022951	1.0
1.0	-1.9166778418976278	1.0
1.0	-1.8978558664148542	1.0
1.0	-1.3613113060057778	1.0
1.0	-1.1856957531101155	1.0
0.0	1.233796400595007	1.0
1.0	-0.7090561028732307	1.0
0.0	0.5087658575608435	1.0
1.0	-0.9931749461965844	1.0
1.0	-1.4632525193674368	1.0
0.0	0.3526071353371327	1.0
1.0	-1.6883192452927471	1.0
1.0	-1.5032857020252608	1.0
1.0	-1.777731282393176	1.0
1.0	-1.734619164140231	1.0
1.0	-0.6305824337134319	1.0
1.0	-0.6273926861507311	1.0
1.0	-1.3393094921991195	1.0
0.0	0.16800822599612156	1.0
1.0	-0.9111467881803373	1.0
1.0	-1.4861793973850463	1.0
1.0	-1.2191107502278822	1.0
1.0	-1.4517449614446274	1.0
1.0	-0.2269224608838798	1.0
1.0	-0.8500454264905738	1.0
1.0	-1.0015187425891152	1.0
1.0	-1.462223001084915	1.0
1.0	-0.23951818089710064	1.0
1.0	-1.0924385620645005	1.0
1.0	-1.589515012524544	1.0
1.0	-0.3269315215708685	1.0
1.0	-1.688600756800725	1.0
1.0	-0.5198355376855202	1.0
1.0	-1.3436119132924849	1.0
0.0	0.04435252608548083	1.0
1.0	-1.1311902104184173	1.0
1.0	-1.3521370575836795	1.0
1.0	-1.3648450055430488	1.0
1.0	-1.3031992608721465	1.0
1.0	-1.3076563533719405	1.0
1.0	-0.3402074919575976	1.0
1.0	-1.7637331248412074	1.0
1.0	-1.7190486056640322	1.0
1.0	-1.526330984231728	1.0
1.0	-2.236601942563752	1.0
1.0	-1.912657657672967	1.0
1.0	-0.7005359150539927	1.0
1.0	-0.8265191444407676	1.0
1.0	-1.7622271326667327	1.0
1.0	-1.8191679000933316	1.0
1.0	-1.759902205939613	1.0
0.0	0.5596409806544148	1.0
1.0	-0.6690076734476162	1.0
1.0	-0.8103176994082977	1.0
1.0	-0.6056215012663599	1.0
1.0	-0.854853666652265	1.0
1.0	-0.9016121126536576	1.0
1.0	-1.2416392624536035	1.0
1.0	-0.003846041836556284	1.0
1.0	-1.2507316411533715	1.0
1.0	-0.8821254147667592	1.0
0.0	0.7353368519026839	1.0
1.0	-0.8195843260275728	1.0
1.0	-1.4065517938171468	1.0
1.0	-1.1919305918414733	1.0
0.0	0.11991528708499122	1.0
1.0	-1.757280556412438	1.0
1.0	-1.178134767416368	1.0
1.0	-1.9289236369465987	1.0
1.0	-1.3661767019775624	1.0
1.0	-1.0290281111884294	1.0
1.0	-1.2872555524090814	1.0
1.0	-0.8893799513064172	1.0
1.0	-0.6805960285936188	1.0
1.0	-0.24410451790612783	1.0
1.0	-2.051547839300187	1.0
1.0	-0.5259953634909783	1.0
1.0	-0.586535516269099	1.0
1.0	-0.5601255683460423	1.0
1.0	-1.2067397260928463	1.0
1.0	-1.1181940920852547	1.0
1.0	-0.8561998967323188	1.0
1.0	-0.590687340453256	1.0
1.0	-0.6975316170888477	1.0
1.0	-0.7995956266070733	1.0
1.0	-0.9188713994160775	1.0
1.0	-0.31953556835066177	1.0
1.0	-0.3948478798054631	1.0
0.0	1.2128484867075695	1.0
0.0	1.266343640764817	1.0
1.0	-1.2796730143483663	1.0
1.0	-0.14836997210552472	1.0
1.0	-1.3894063192360404	1.0
1.0	-0.6083087033490079	1.0
1.0	-1.653351065700707	1.0
1.0	-1.2712116173591559	1.0
1.0	-0.08969886408549149	1.0
1.0	-0.5080880601671034	1.0
1.0	-1.3493541282885555	1.0
1.0	-1.9591108227844019	1.0
1.0	-1.5748897244804168	1.0
1.0	-1.6597326470474774	1.0
1.0	-1.7109591207250414	1.0
0.0	1.6200278943068622	1.0
1.0	-0.8976500794234806	1.0
1.0	-0.02256937246357147	1.0
0.0	0.802347061172098	1.0
0.0	1.055614110426165	1.0
1.0	-0.7525341940498533	1.0
1.0	-0.4605472933835626	1.0
1.0	-0.42733465190434833	1.0
1.0	-1.7737688717697404	1.0
1.0	-1.1368829413244634	1.0
0.0	1.1562780408731117	1.0
0.0	0.05638051806541453	1.0
1.0	-1.1497064269835549	1.0
1.0	-0.05133197759330977	1.0
1.0	-1.801873998007184	1.0
1.0	-1.0042488695549687	1.0
1.0	-1.6620340282665895	1.0
1.0	-1.2726604468193687	1.0
1.0	-1.1145441105732692	1.0
1.0	-1.4455235616255313	1.0
0.0	1.2406894006425384	1.0
1.0	-1.7236131178755223	1.0
0.0	0.50585279963563	1.0
1.0	-0.026416274520922538	1.0
1.0	-0.7366731744330328	1.0
1.0	-1.4822530501217477	1.0
1.0	-1.0699833596601347	1.0
0.0	0.03708406031514674	1.0
1.0	-0.32689454265186757	1.0
0.0	0.626594974173673	1.0
0.0	0.7096491107119507	1.0
1.0	-2.4040395695542207	1.0
1.0	-1.1214050016156716	1.0
1.0	-0.5256474577858529	1.0
1.0	-0.7791066650563595	1.0
1.0	-1.1355099540316425	1.0
1.0	-1.694466242229817	1.0
1.0	-1.86922693026967	1.0
1.0	-0.06748553305361227	1.0
0.0	0.2980430781784136	1.0
1.0	-0.7199359643296593	1.0
1.0	-1.4260052323356713	1.0
1.0	-1.532131598068415	1.0
0.0	1.3789003315279662	1.0
1.0	-1.0858668598960128	1.0
0.0	0.34772495772520035	1.0
1.0	-0.8028081045209163	1.0
1.0	-0.6560940531767357	1.0
1.0	-1.1351908749414685	1.0
1.0	-1.1388052317898876	1.0
1.0	-1.4468352338521073	1.0
1.0	-0.70927874301128	1.0
1.0	-0.11857413074561221	1.0
1.0	-1.9873774619515456	1.0
1.0	-0.9740765303282509	1.0
1.0	-0.9079103683191591	1.0
1.0	-1.3916348354827008	1.0
1.0	-1.7244605163457627	1.0
0.0	0.5220123048429874	1.0
1.0	-1.4970647807029478	1.0
0.0	1.4968965015613067	1.0
1.0	-0.4193280542437211	1.0
0.0	0.9977568343320853	1.0
1.0	-0.9415775785068722	1.0
1.0	-1.047265411961921	1.0
1.0	-0.3315586542610331	1.0
1.0	-0.9789809154317515	1.0
1.0	-1.0464779416378214	1.0
1.0	-1.3919030193724693	1.0
1.0	-1.0931982627181278	1.0
1.0	-1.5541314005901468	1.0
1.0	-0.711590907771188	1.0
1.0	-1.8841647170897735	1.0
1.0	-1.3265975013436329	1.0
0.0	1.1577313192337593	1.0
1.0	-0.8146080372893167	1.0
1.0	-0.8583613928348894	1.0
0.0	0.8820699781551595	1.0
1.0	-1.054214239634377	1.0
1.0	-2.1482202836084774	1.0
1.0	-0.7599190783154426	1.0
1.0	-0.6940976794495103	1.0
1.0	-0.26521515114730326	1.0
1.0	-0.4567191287877418	1.0
1.0	-0.2482347899186218	1.0
1.0	-1.6849530261750991	1.0
1.0	-0.5033060745377624	1.0
1.0	-0.9280916331883038	1.0
1.0	-1.6170538532068126	1.0
1.0	-0.3338964441716582	1.0
1.0	-1.0512700090940137	1.0
1.0	-2.023153732337551	1.0
1.0	-0.8890801986215797	1.0
1.0	-0.7542508859958422	1.0
0.0	1.123132973271974	1.0
1.0	-0.7110008933633154	1.0
1.0	-1.0679622416270957	1.0
1.0	-0.38632150322925907	1.0
1.0	-1.1693386990401606	1.0
1.0	-1.231274019576978	1.0
1.0	-1.0579454102203683	1.0
1.0	-1.2432213317686183	1.0
1.0	-0.3288385270746052	1.0
1.0	-0.21869841117621036	1.0
1.0	-0.9483941117114258	1.0
0.0	0.06492639268630324	1.0
1.0	-0.08825230293385242	1.0
0.0	1.4913046252181246	1.0
1.0	-1.1906301721135781	1.0
1.0	-0.1318248647079506	1.0
1.0	-0.14661509814126888	1.0
1.0	-0.3139808800302916	1.0
1.0	-1.2350601865642261	1.0
1.0	-0.32636017557140695	1.0
1.0	-1.4090774133282837	1.0
1.0	-1.2749322657284101	1.0
1.0	-2.0349169136375704	1.0
1.0	-2.1314400356865644	1.0
1.0	-1.4210849311583915	1.0
1.0	-0.5495493228360958	1.0
1.0	-0.434736272543541	1.0
1.0	-1.460967955383871	1.0
1.0	-0.5671708489427372	1.0
1.0	-1.5602048786103655	1.0
1.0	-1.3134257765901156	1.0
0.0	1.2761220396450121	1.0
1.0	-1.0992499213733613	1.0
1.0	-1.874154033567051	1.0
1.0	-1.3456612355699624	1.0
1.0	-0.397936573620525	1.0
1.0	-2.2438309222879047	1.0
1.0	-1.1644217235485566	1.0
1.0	-0.8606231423350158	1.0
1.0	-1.7996448094819477	1.0
1.0	-1.7931538024840183	1.0
1.0	-0.6842809661954643	1.0
0.0	0.057133225616143875	1.0
1.0	-1.0951320947043284	1.0
0.0	0.027254918232226998	1.0
1.0	-1.5859608961888647	1.0
1.0	-1.0277694656149448	1.0
0.0	0.2541438393997763	1.0
0.0	1.9292627311692396	1.0
1.0	-1.0144657785107354	1.0
0.0	0.9918485193893938	1.0
1.0	-1.6106159162783749	1.0
1.0	-0.9840133740992936	1.0
1.0	-1.0818694076919786	1.0
0.0	0.28543006927554126	1.0
1.0	-1.7527879939497029	1.0
1.0	-1.226649722817813	1.0
1.0	-0.8725735416719522	1.0
0.0	0.3474315863499509	1.0
1.0	-0.8988116394867072	1.0
1.0	-0.2068469578655246	1.0
1.0	-0.740275344373525	1.0
1.0	-0.45416670970843576	1.0
0.0	1.4517563629142909	1.0
0.0	0.619215778567032	1.0
0.0	0.28671035059700445	1.0
1.0	-0.7388170601285999	1.0
0.0	0.9873958204188114	1.0
1.0	-1.688470712135561	1.0
1.0	-2.0988987244854114	1.0
1.0	-0.6916182726205816	1.0
1.0	-1.1476217331695626	1.0
1.0	-0.4842957937359819	1.0
1.0	-0.5238727642340008	1.0
1.0	-1.6793714748759496	1.0
1.0	-0.04816773685031158	1.0
1.0	-1.6832574674621525	1.0
1.0	-0.47122924644968756	1.0
1.0	-0.7894139986875244	1.0
1.0	-1.4618553265054224	1.0
1.0	-0.5984137348400363	1.0
1.0	-0.09707776782863242	1.0
0.0	0.7885671502624575	1.0
0.0	1.1656237046541384	1.0
0.0	0.20269256612107023	1.0
1.0	-0.3501804443049168	1.0
0.0	0.38891474005554133	1.0
1.0	-1.5153633344944135	1.0
1.0	-1.2282960949110768	1.0
1.0	-0.8218499367829528	1.0
0.0	1.056922885483921	1.0
1.0	-1.1186633284726815	1.0
1.0	-0.032916337275609144	1.0
1.0	-0.7890328675045637	1.0
1.0	-1.2182308918841454	1.0
1.0	-0.5851521844953715	1.0
1.0	-0.965667025355935	1.0
0.0	1.4491308961630014	1.0
1.0	-0.7613599723772065	1.0
0.0	0.8772600067543843	1.0
0.0	0.33180537356965484	1.0
1.0	-2.5313799882953867	1.0
1.0	-1.8000858384880276	1.0
1.0	-0.9190028596113484	1.0
1.0	-0.9435093402652512	1.0
1.0	-1.1151210054917542	1.0
1.0	-1.7077796443952822	1.0
1.0	-1.3834855330097169	1.0
1.0	-1.3634709336687416	1.0
1.0	-1.729665637401136	1.0
1.0	-1.8406022994072015	1.0
1.0	-1.3261169443188374	1.0
1.0	-1.6441948444304781	1.0
0.0	1.2472276233450545	1.0
1.0	-0.9065058389753473	1.0
1.0	-1.0791911291040488	1.0
1.0	-2.0605623997256277	1.0
1.0	-1.4932588997887564	1.0
1.0	-1.1412302640532992	1.0
1.0	-1.1778562993990787	1.0
1.0	-2.042528727105856	1.0
1.0	-0.5994258710159437	1.0
1.0	-0.8277922465822964	1.0
1.0	-0.5694802173166966	1.0
1.0	-1.1187873892522187	1.0
1.0	-1.6435043135951706	1.0
1.0	-1.2252632048308019	1.0
1.0	-1.915501086507056	1.0
1.0	-1.782681225821404	1.0
1.0	-0.8930089844223494	1.0
1.0	-0.1414956235782411	1.0
1.0	-1.461250908591058	1.0
1.0	-0.9657281503233164	1.0
1.0	-1.044205978945386	1.0
1.0	-1.8415622638312386	1.0
1.0	-1.3679896559151175	1.0
1.0	-0.0108395757319995	1.0
1.0	-0.45235977078455714	1.0
1.0	-0.3772275554380513	1.0
1.0	-1.217901709003847	1.0
1.0	-0.6738911266720551	1.0
1.0	-0.3817773506448143	1.0
1.0	-1.858137140198517	1.0
1.0	-1.3613078515403425	1.0
0.0	1.1581441308340412	1.0
1.0	-1.9788230005556697	1.0
1.0	-2.208565684537576	1.0
1.0	-1.964126451707225	1.0
1.0	-0.7276648347932624	1.0
1.0	-0.6878470397629135	1.0
1.0	-0.3557821756241177	1.0
1.0	-0.9663078428793518	1.0
1.0	-1.6494862602429083	1.0
1.0	-2.197439561089277	1.0
1.0	-1.5685646562631927	1.0
1.0	-1.1147488943191421	1.0
1.0	-0.3353715235479904	1.0
1.0	-1.4039112377583671	1.0
1.0	-1.5588740526371885	1.0
1.0	-1.2063266531410157	1.0
1.0	-1.5187277677025421	1.0
0.0	0.16419492963049961	1.0
0.0	1.612011738859767	1.0
1.0	-0.7873993206199842	1.0
1.0	-1.6944381011287186	1.0
1.0	-0.25069657204152085	1.0
0.0	1.1332188949519526	1.0
1.0	-1.016579916327753	1.0
0.0	0.4732835405108493	1.0
0.0	0.5386387316617223	1.0
0.0	0.6082310766991943	1.0
1.0	-1.2671688980801694	1.0
1.0	-1.5441828992526605	1.0
1.0	-0.8368088244254761	1.0
1.0	-2.042717269914462	1.0
0.0	0.9605186001658992	1.0
1.0	-0.7386360529887955	1.0
1.0	-1.5262384074966595	1.0
0.0	1.1688237575643763	1.0
1.0	-1.4964950404126387	1.0
1.0	-1.8749134417729176	1.0
0.0	1.306401894151205	1.0
0.0	0.16557399351367774	1.0
0.0	0.07376569009575337	1.0
1.0	-1.2954707132711258	1.0
1.0	-1.1032006058538577	1.0
1.0	-1.7619531120386465	1.0
1.0	-1.098514103272318	1.0
1.0	-1.4952651934984689	1.0
1.0	-1.074897354285805	1.0
1.0	-1.9696026263959001	1.0
1.0	-1.4127256966152848	1.0
0.0	0.6463248395901543	1.0
1.0	-1.1845777543577825	1.0
0.0	0.8914284475830088	1.0
1.0	-0.7448952848837312	1.0
1.0	-1.0437639366549074	1.0
1.0	-1.1516611821569553	1.0
1.0	-1.85636275265339	1.0
1.0	-0.03821522739977575	1.0
1.0	-1.8358847766486157	1.0
0.0	0.2644985573435182	1.0
1.0	-1.1879756779756674	1.0
1.0	-2.0817819131859916	1.0
1.0	-0.9865667886519046	1.0
1.0	-0.2750958224420262	1.0
0.0	0.05464869442609927	1.0
1.0	-0.8882030569550964	1.0
1.0	-0.12381401495044295	1.0
1.0	-1.5025954245990194	1.0
1.0	-1.2341933410341681	1.0
1.0	-1.0885912281536658	1.0
1.0	-1.69167738403099	1.0
1.0	-2.1708694022902706	1.0
1.0	-1.6295379433449382	1.0
1.0	-1.4010970707778176	1.0
1.0	-0.43809311830080955	1.0
1.0	-2.2331499586929664	1.0
1.0	-1.5369251907661992	1.0
1.0	-1.6824054988268111	1.0
1.0	-1.1407606609350187	1.0
1.0	-2.2589524866075776	1.0
1.0	-1.7571886499838782	1.0
1.0	-0.3617287853015502	1.0
1.0	-0.7924729349912494	1.0
1.0	-1.5142786287662104	1.0
1.0	-1.4451265874353307	1.0
1.0	-0.7919502449115463	1.0
1.0	-0.24843172223582502	1.0
1.0	-1.073170347784077	1.0
1.0	-1.473463761859327	1.0
1.0	-1.4919457710508037	1.0
0.0	0.0888520912317684	1.0
1.0	-1.4325244526838197	1.0
0.0	0.43891975461856925	1.0
1.0	-1.6929892554787669	1.0
1.0	-2.1649291236365062	1.0
1.0	-0.8414556451149412	1.0
1.0	-1.1365774742633443	1.0
1.0	-1.6048772525945696	1.0
1.0	-1.9154647664166045	1.0
1.0	-1.1917587789920208	1.0
1.0	-1.4171387997948415	1.0
1.0	-1.278927051896243	1.0
1.0	-0.5862784601734001	1.0
1.0	-1.5443532681014245	1.0
1.0	-1.1408749297997776	1.0
1.0	-1.5281142526656406	1.0
1.0	-0.9343156711344122	1.0
1.0	-1.6374841750805693	1.0
1.0	-0.7593697817052479	1.0
1.0	-0.7850422358966277	1.0
1.0	-1.368568435714323	1.0
1.0	-1.914416395217379	1.0
1.0	-1.0372031968275979	1.0
1.0	-0.5856228830881653	1.0
1.0	-1.284440470968445	1.0
1.0	-1.4808479798634793	1.0
1.0	-1.9131568787359146	1.0
1.0	-1.3126123329336377	1.0
1.0	-1.9207171175987363	1.0
1.0	-1.4170057709068982	1.0
1.0	-1.3256535582500433	1.0
1.0	-0.8011603635840406	1.0
1.0	-1.1349142534743502	1.0
1.0	-0.9139212078875036	1.0
1.0	-1.4073367706630335	1.0
1.0	-0.9497463365071459	1.0
1.0	-2.101838407639932	1.0
1.0	-1.8897632437372776	1.0
1.0	-0.8263786841970342	1.0
1.0	-1.4956191213919556	1.0
1.0	-0.8272610191129728	1.0
1.0	-1.8697659739618087	1.0
1.0	-2.038435214499119	1.0
1.0	-1.572379329407994	1.0
0.0	0.35698742288100754	1.0
1.0	-1.8422605976707094	1.0
1.0	-0.2541675326989982	1.0
1.0	-0.7200300136128098	1.0
1.0	-0.3904979228928893	1.0
1.0	-0.9074263525892999	1.0
1.0	-1.6314689965496663	1.0
1.0	-0.4227663443755483	1.0
1.0	-0.5936569574263025	1.0
1.0	-0.4199846835658302	1.0
1.0	-1.0089668731489365	1.0
1.0	-0.4773445362994585	1.0
1.0	-1.5038495489613444	1.0
1.0	-0.9503340136962106	1.0
1.0	-1.3112889042755973	1.0
1.0	-0.8488493527336648	1.0
1.0	-1.6288712649493575	1.0
1.0	-1.4595449255667907	1.0
1.0	-1.373677175487375	1.0
1.0	-0.9537725654623508	1.0
1.0	-1.3196280756294696	1.0
1.0	-1.3890202579067117	1.0
1.0	-1.1710279776206383	1.0
1.0	-1.0159244495834854	1.0
1.0	-1.0186753975153346	1.0
1.0	-0.6444600439847243	1.0
1.0	-0.8799734112212547	1.0
1.0	-1.6861664473982148	1.0
1.0	-1.0939977584638276	1.0
1.0	-0.9220429302518498	1.0
1.0	-1.8014727692363277	1.0
1.0	-1.1603481189322509	1.0
1.0	-0.9428695941586535	1.0
1.0	-2.155992090299643	1.0
1.0	-1.3321032021478512	1.0
1.0	-0.2640811578562341	1.0
1.0	-0.10501891215623654	1.0
1.0	-1.3114595412900412	1.0
1.0	-1.9650213542859296	1.0
1.0	-1.8485269749763835	1.0
1.0	-1.800219011434207	1.0
1.0	-2.171683397884472	1.0
1.0	-1.6822421714029814	1.0
1.0	-1.2841760789855754	1.0
1.0	-1.109982823619697	1.0
1.0	-1.874640856848067	1.0
1.0	-2.0920886990311423	1.0
1.0	-2.5586977991462114	1.0
1.0	-2.417710432312133	1.0
1.0	-1.705395137702535	1.0
1.0	-0.6999520135244885	1.0
1.0	-1.2706402911955288	1.0
1.0	-1.8637456457468193	1.0
1.0	-1.5421371856684083	1.0
1.0	-1.9410611674704097	1.0
1.0	-1.5600046877631002	1.0
1.0	-0.8798546537800064	1.0
1.0	-1.4259868277905412	1.0
1.0	-1.2535948677768627	1.0
1.0	-1.9723274601690735	1.0
1.0	-0.804771669701697	1.0
1.0	-0.02394778935677396	1.0
1.0	-2.5285552790181827	1.0
1.0	-1.9974872220303903	1.0
1.0	-0.625316793816906	1.0
1.0	-1.0057033278893146	1.0
1.0	-1.3209035763621695	1.0
1.0	-2.709211815809447	1.0
1.0	-1.9632518369482383	1.0
1.0	-1.2647160889528073	1.0
1.0	-0.7810415706905182	1.0
1.0	-0.4756181448636927	1.0
1.0	-2.224758037664039	1.0
1.0	-1.2156591936060488	1.0
1.0	-1.254895649427903	1.0
1.0	-1.3608131759469018	1.0
1.0	-1.2166054012922174	1.0
1.0	-1.3462267108748318	1.0
1.0	-1.5187917299222953	1.0
1.0	-0.9481441824275574	1.0
1.0	-1.0984986277781525	1.0
1.0	-1.8770117717548136	1.0
1.0	-1.5943829005195023	1.0
1.0	-1.0111270919103026	1.0
1.0	-0.8003322679626437	1.0
1.0	-2.7096781406718753	1.0
1.0	-1.662117286782324	1.0
1.0	-0.6836832949071938	1.0
1.0	-1.3335822778001314	1.0
1.0	-1.4158360502875964	1.0
1.0	-1.7541542818550366	1.0
1.0	-0.7786602048981908	1.0
1.0	-1.5768409961845482	1.0
1.0	-1.707005325645217	1.0
1.0	-0.42084216933730767	1.0
1.0	-1.7874307473209534	1.0
1.0	-1.4094117087607805	1.0
0.0	0.39095812878938024	1.0
1.0	-2.1082030835511922	1.0
1.0	-1.6102399920215982	1.0
1.0	-2.093869108453039	1.0
1.0	-1.3607974628916326	1.0
1.0	-1.1925819999537541	1.0
1.0	-0.6788713082958632	1.0
1.0	-1.074265859686145	1.0
1.0	-1.3356937978679877	1.0
1.0	-0.6100596217637028	1.0
1.0	-1.033341890976799	1.0
1.0	-1.1258205441071338	1.0
1.0	-1.7770108811719099	1.0
1.0	-1.6879768747310262	1.0
1.0	-2.0226447480147076	1.0
1.0	-1.487995472198204	1.0
1.0	-1.7113641266756032	1.0
1.0	-1.3900852367938263	1.0
1.0	-1.6051103274921044	1.0
0.0	0.6856547791067364	1.0
1.0	-1.7196231280695307	1.0
0.0	1.2712433868089057	1.0
1.0	-1.5129989706176592	1.0
1.0	-1.9202651346331483	1.0
0.0	0.4294485601540672	1.0
1.0	-1.5890772000909859	1.0
1.0	-0.2693130950639325	1.0
1.0	-0.3906476970130427	1.0
1.0	-0.7095672188271	1.0
1.0	-1.6777977307341492	1.0
1.0	-0.39168009705896634	1.0
0.0	0.6739052946208053	1.0
1.0	-1.0264219423011667	1.0
1.0	-2.0420271381253543	1.0
1.0	-2.094437581716541	1.0
1.0	-1.4926298357810375	1.0
1.0	-1.6373295855220042	1.0
1.0	-1.6255036475853275	1.0
1.0	-1.4859624069934123	1.0
1.0	-1.0064329880907759	1.0
1.0	-1.270381138558414	1.0
1.0	-1.6919963783216496	1.0
1.0	-1.1569715050615879	1.0
1.0	-1.7768980252230349	1.0
1.0	-2.2970105216938346	1.0
1.0	-0.48859876263016966	1.0
0.0	0.20433066743968764	1.0
0.0	0.4575578486482199	1.0
1.0	-1.9260331025395068	1.0
1.0	-0.9973006960398747	1.0
1.0	-0.7001463816976282	1.0
1.0	-1.3828991791330292	1.0
1.0	-1.0973161385184067	1.0
1.0	-1.6270419131884146	1.0
1.0	-1.9193474702501334	1.0
1.0	-0.428530522275151	1.0
1.0	-0.4897829837004972	1.0
1.0	-1.8254088238649184	1.0
1.0	-0.9323635086639023	1.0
1.0	-1.2815225458193866	1.0
1.0	-1.7391622640980178	1.0
1.0	-0.30842817283839796	1.0
1.0	-0.40601985268758856	1.0
1.0	-0.5645689612496338	1.0
1.0	-1.156844732233693	1.0
1.0	-1.2098801853771968	1.0
1.0	-1.6026745448336568	1.0
1.0	-1.0999793463521983	1.0
1.0	-0.03824833583327066	1.0
1.0	-0.9402398509042842	1.0
1.0	-1.7079668161213506	1.0
1.0	-2.163218279093762	1.0
1.0	-0.9079632961200351	1.0
1.0	-1.0448926845026898	1.0
1.0	-0.8930416277445009	1.0
1.0	-1.084559170115268	1.0
1.0	-1.025168226120194	1.0
1.0	-1.2912348887213518	1.0
1.0	-1.2136232912534075	1.0
1.0	-1.826918518385605	1.0
1.0	-1.0254031369507117	1.0
1.0	-0.7216045625794378	1.0
1.0	-1.4076735684479578	1.0
1.0	-0.869511607360273	1.0
1.0	-1.4593028764798637	1.0
1.0	-0.9590600396672813	1.0
1.0	-1.9780215287065832	1.0
1.0	-1.5964003560223572	1.0
1.0	-1.954630578114231	1.0
1.0	-0.7048044972850038	1.0
1.0	-0.9237020028274745	1.0
1.0	-1.1762955695226847	1.0
1.0	-1.3340899221976472	1.0
1.0	-1.9669970085820945	1.0
1.0	-0.6941337396314684	1.0
1.0	-1.6495306970948285	1.0
1.0	-0.4898197267427208	1.0
1.0	-1.7379370514254897	1.0
1.0	-1.629367948124708	1.0
1.0	-1.2584772974407732	1.0
1.0	-0.9333683924955056	1.0
1.0	-1.9465458107516236	1.0
1.0	-0.8178024033787977	1.0
1.0	-1.7570862252668027	1.0
1.0	-0.9097122873459282	1.0
1.0	-1.6996639905618438	1.0
1.0	-1.446154598895871	1.0
1.0	-1.2821326397102137	1.0
1.0	-1.8779882103850334	1.0
1.0	-1.1027258276741072	1.0
0.0	0.6081629622870771	1.0
1.0	-0.4286306269951619	1.0
1.0	-1.5573772726361768	1.0
1.0	-0.5819504705083794	1.0
1.0	-2.379555262013232	1.0
1.0	-1.3762147724359837	1.0
1.0	-2.0139026165044935	1.0
1.0	-1.5057213132472989	1.0
1.0	-1.6212759908133965	1.0
1.0	-0.9681413702841135	1.0
0.0	0.7665008378692378	1.0
1.0	-1.9305543523343454	1.0
1.0	-0.538511108380718	1.0
1.0	-2.1759352181219396	1.0
1.0	-1.1813141710342216	1.0
1.0	-1.0720522155259022	1.0
1.0	-1.6911414557728308	1.0
1.0	-1.0968782562700528	1.0
1.0	-2.1668876054781565	1.0
1.0	-1.9457906802070266	1.0
1.0	-1.3211076728926594	1.0
0.0	0.3163029950100499	1.0
1.0	-0.14167503475224363	1.0
1.0	-1.2433479413839563	1.0
1.0	-1.2697564903246996	1.0
1.0	-1.5750716812035197	1.0
1.0	-0.7097136541676087	1.0
1.0	-1.355143387696715	1.0
1.0	-1.7272877794264447	1.0
1.0	-1.4868473395545978	1.0
1.0	-1.8395069551159362	1.0
1.0	-0.9249447992437946	1.0
1.0	-2.016265325240258	1.0
1.0	-0.22138713305755273	1.0
1.0	-0.3917256969553028	1.0
1.0	-0.5892720373822211	1.0
1.0	-0.05869466676049492	1.0
1.0	-0.4718360333830691	1.0
1.0	-1.4743756015973521	1.0
1.0	-1.3383031895504016	1.0
1.0	-0.5336245084225532	1.0
1.0	-1.5778664121667823	1.0
1.0	-0.5589172170517949	1.0
1.0	-0.7575897499359667	1.0
1.0	-1.1177710194920263	1.0
1.0	-0.6368167265819829	1.0
1.0	-1.0412529617687434	1.0
1.0	-0.9583501860478157	1.0
1.0	-0.3703211731351258	1.0
0.0	0.0279970801686572	1.0
1.0	-0.20614117000367832	1.0
1.0	-0.6703970595097596	1.0
1.0	-0.535810337224958	1.0
0.0	0.7100049795933894	1.0
1.0	-1.7233312223334363	1.0
1.0	-0.672615611067664	1.0
1.0	-1.6322388536956445	1.0
1.0	-0.7771958524065214	1.0
1.0	-1.460007015078393	1.0
1.0	-0.9823334779933804	1.0
1.0	-0.4314151991578177	1.0
1.0	-1.9724320588028994	1.0
1.0	-1.6755390789403797	1.0
1.0	-1.3446634850894295	1.0
1.0	-1.3686530636200243	1.0
1.0	-0.6637641886356542	1.0
1.0	-1.2947131837778116	1.0
1.0	-1.0551774538565657	1.0
1.0	-1.8407250557026942	1.0
1.0	-1.897986979997206	1.0
1.0	-1.277124566799277	1.0
1.0	-1.9715178623094236	1.0
1.0	-1.6803700672122486	1.0
1.0	-1.869345887409928	1.0
1.0	-0.14113219478666741	1.0
1.0	-1.1950416828853625	1.0
1.0	-1.2319609595115795	1.0
1.0	-1.4807172941518278	1.0
0.0	0.008566894650040298	1.0
1.0	-1.0810332688607447	1.0
1.0	-0.6772836770361015	1.0
1.0	-0.9749135834091947	1.0
1.0	-0.9586336766178216	1.0
1.0	-1.5085763498553426	1.0
1.0	-1.8393179130825401	1.0
1.0	-0.11491691089776582	1.0
1.0	-0.7491862799361511	1.0
1.0	-1.176254192969853	1.0
1.0	-1.383948446076971	1.0
1.0	-0.8099573857221595	1.0
1.0	-0.7604402008619405	1.0
1.0	-0.8108777949461339	1.0
1.0	-1.3173205457176091	1.0
1.0	-2.3866788926144378	1.0
1.0	-0.7178822575157515	1.0
1.0	-1.6465763595665301	1.0
1.0	-1.1312203156163774	1.0
1.0	-0.8375075710499413	1.0
1.0	-0.7555973825287492	1.0
1.0	-0.40927198816877625	1.0
0.0	0.2999511774014422	1.0
1.0	-0.005753562582889192	1.0
0.0	0.952715349249861	1.0
1.0	-0.6173708153141553	1.0
1.0	-1.59013542701454	1.0
1.0	-2.087473454013375	1.0
1.0	-1.5215317383559315	1.0
1.0	-0.9488334193213446	1.0
1.0	-0.6921236840694492	1.0
1.0	-0.5254061895256787	1.0
1.0	-2.380852538381233	1.0
0.0	1.0888749549331167	1.0
1.0	-1.5793550026419356	1.0
1.0	-1.8410510365929786	1.0
1.0	-1.3286828428401736	1.0
1.0	-0.8039022678879812	1.0
1.0	-0.6365493713289984	1.0
1.0	-1.3899216865726742	1.0
1.0	-1.2183409787743906	1.0
1.0	-0.35714286085598385	1.0
1.0	-0.9789784206497124	1.0
1.0	-0.32690955093532725	1.0
1.0	-0.8558815521851166	1.0
1.0	-0.8407463916231945	1.0
1.0	-0.9791689334051636	1.0
1.0	-1.1220553040486425	1.0
0.0	1.67643112145907	1.0
0.0	1.6625755855591147	1.0
1.0	-2.0597179701172523	1.0
1.0	-1.6063983414982879	1.0
1.0	-1.5731520356328392	1.0
1.0	-1.3994369471004993	1.0
1.0	-1.083564608149582	1.0
1.0	-0.5148561378353632	1.0
1.0	-1.5512769713712793	1.0
1.0	-1.1582072617189516	1.0
1.0	-1.2480758069868336	1.0
1.0	-1.3613366197177301	1.0
0.0	1.0060716927363533	1.0
1.0	-1.4923597331745648	1.0
1.0	-0.5823640306151209	1.0
1.0	-1.0010540729331092	1.0
1.0	-1.3206537451868723	1.0
1.0	-1.1860940522250376	1.0
1.0	-1.5627755414270599	1.0
1.0	-2.5005567590460283	1.0
1.0	-1.478501797271943	1.0
1.0	-0.9494604099668981	1.0
1.0	-1.1691757344472797	1.0
1.0	-1.3095164304720235	1.0
1.0	-1.8208613959891138	1.0
1.0	-1.3951634579758494	1.0
1.0	-0.371842972077246	1.0
1.0	-1.5862617536745958	1.0
1.0	-1.42270862940277	1.0
1.0	-0.10099902838244781	1.0
1.0	-0.8479259689673497	1.0
1.0	-0.879778899256393	1.0
1.0	-1.5334519284996175	1.0
1.0	-1.320830502416074	1.0
0.0	0.02752540868517226	1.0
1.0	-0.5328574543846297	1.0
0.0	1.5980221336255696	1.0
1.0	-1.325668271043445	1.0
0.0	0.13404214979191062	1.0
1.0	-0.9731637909783599	1.0
1.0	-0.9705258050576413	1.0
1.0	-1.296556968391963	1.0
1.0	-1.0058593650439889	1.0
1.0	-2.004207214299485	1.0
1.0	-1.9882252120364852	1.0
1.0	-1.6627223441269274	1.0
1.0	-1.6054809128684577	1.0
1.0	-1.2889365187434751	1.0
1.0	-1.6027319474393682	1.0
1.0	-1.4648707629474973	1.0
1.0	-2.562378564546373	1.0
1.0	-1.9787572520893615	1.0
1.0	-0.7637382191799638	1.0
1.0	-0.9558397270374042	1.0
1.0	-1.4237679950413098	1.0
1.0	-1.4294543777726219	1.0
1.0	-1.94119575054302	1.0
0.0	1.0773145028587712	1.0
1.0	-0.8035025931125658	1.0
1.0	-1.4560213254025969	1.0
0.0	0.1911244310532597	1.0
1.0	-2.0503859661716635	1.0
1.0	-0.6627918065137022	1.0
1.0	-1.381688385666299	1.0
1.0	-1.736013832040694	1.0
1.0	-0.562513763742428	1.0
1.0	-1.7670063052472893	1.0
1.0	-1.9297362468510075	1.0
1.0	-1.334293722244948	1.0
1.0	-1.5912770091098944	1.0
1.0	-0.9488038239897272	1.0
1.0	-2.0253548530853083	1.0
1.0	-1.023579088659982	1.0
1.0	-1.2642283399804197	1.0
1.0	-1.566594896542095	1.0
1.0	-1.491347413657923	1.0
1.0	-1.387032166822615	1.0
1.0	-1.5633441595152342	1.0
1.0	-1.2663069974335246	1.0
1.0	-0.7437092943234314	1.0
1.0	-1.114662429867586	1.0
1.0	-1.1315876865079098	1.0
1.0	-1.845113935401459	1.0
1.0	-0.4507916120452637	1.0
1.0	-1.310167850165163	1.0
1.0	-0.7488197538457221	1.0
1.0	-0.343793714127665	1.0
1.0	-1.5667450225699764	1.0
1.0	-0.4414872624840279	1.0
1.0	-0.49022103144139517	1.0
1.0	-1.3351082636893317	1.0
1.0	-1.4770634993219052	1.0
1.0	-2.0367583134566405	1.0
1.0	-1.2262044341641953	1.0
0.0	0.03925554753612443	1.0
1.0	-0.5330355601778018	1.0
1.0	-0.6753698638682598	1.0
1.0	-0.7532859201463495	1.0
1.0	-1.4172685093058395	1.0
1.0	-1.584998184423247	1.0
1.0	-2.2457593423981144	1.0
1.0	-1.0095741662831939	1.0
1.0	-1.768751910930037	1.0
1.0	-1.580418883633183	1.0
1.0	-1.0998875183599457	1.0
1.0	-0.985069145674577	1.0
1.0	-0.8382308016767348	1.0
1.0	-2.4232711354617336	1.0
0.0	1.4390759903432782	1.0
1.0	-2.0846215341510215	1.0
1.0	-1.0952547504965964	1.0
0.0	1.6249753117790462	1.0
1.0	-1.2538287352589343	1.0
1.0	-1.9441366905810762	1.0
1.0	-1.353368726446192	1.0
1.0	-1.4329756694641307	1.0
1.0	-1.456766259652029	1.0
1.0	-1.5641867270095842	1.0
1.0	-0.2136507593809802	1.0
1.0	-1.9997703815085504	1.0
1.0	-2.0433451571751107	1.0
1.0	-0.7920129220964882	1.0
1.0	-0.3935378446030693	1.0
1.0	-0.9905275069403318	1.0
1.0	-1.649888875825938	1.0
1.0	-1.207011583634343	1.0
1.0	-1.9688506961952124	1.0
1.0	-1.428253786121244	1.0
1.0	-1.8856164857437363	1.0
1.0	-0.6819801266543098	1.0
1.0	-1.3576495942541649	1.0
1.0	-0.256769616344791	1.0
1.0	-1.44051466668103	1.0
1.0	-0.9254543202061598	1.0
1.0	-0.8037068472598048	1.0
1.0	-0.8388620703677484	1.0
1.0	-0.4937682219654821	1.0
1.0	-0.9020003615215546	1.0
1.0	-2.2173310390439758	1.0
1.0	-0.06013514090903246	1.0
1.0	-0.5410837873272062	1.0
1.0	-0.9539866813579424	1.0
1.0	-0.4786784994495453	1.0
1.0	-1.2364234008101525	1.0
1.0	-1.0412243556332597	1.0
1.0	-2.0032094451353357	1.0
1.0	-0.9216410076156576	1.0
1.0	-2.9839181719943855	1.0
1.0	-2.3956426211591224	1.0
1.0	-0.5718332809682232	1.0
0.0	1.151565604993523	1.0
1.0	-1.7661116038189437	1.0
1.0	-2.0166323196872544	1.0
1.0	-2.0171429574200785	1.0
1.0	-1.7816271434622069	1.0
1.0	-1.6401280822753461	1.0
1.0	-1.5557751267402897	1.0
1.0	-0.19787621220868468	1.0
1.0	-1.4528021501759663	1.0
0.0	0.7809756601362652	1.0
1.0	-1.6321758478630974	1.0
1.0	-1.5005674874417696	1.0
1.0	-1.9719752341011434	1.0
1.0	-1.568039764657637	1.0
1.0	-1.5916696067504306	1.0
1.0	-1.0636644133422768	1.0
1.0	-0.5074036142455045	1.0
1.0	-1.7486486700548451	1.0
1.0	-1.5620600677009264	1.0
1.0	-0.18204847070100438	1.0
1.0	-1.2472460845872062	1.0
1.0	-1.0007775566563424	1.0
1.0	-1.2920408460859545	1.0
1.0	-1.2647584957983373	1.0
1.0	-1.363847780026452	1.0
1.0	-0.5827703263447228	1.0
1.0	-1.120040614032421	1.0
1.0	-0.7032141798498717	1.0
1.0	-0.5330744135360349	1.0
1.0	-1.0089182015138456	1.0
1.0	-1.57087026064339	1.0
1.0	-1.1517925520225167	1.0
1.0	-1.8816586956893442	1.0
1.0	-2.3391556155791684	1.0
1.0	-1.3632814432287181	1.0
1.0	-1.1816202311107922	1.0
1.0	-0.9242882399239252	1.0
1.0	-1.7113641196280966	1.0
1.0	-1.5320874157321742	1.0
1.0	-1.7839688472399022	1.0
1.0	-1.3713390956547953	1.0
1.0	-1.252251277604102	1.0
1.0	-1.0254356315863837	1.0
1.0	-1.0140048226315004	1.0
1.0	-2.0159461241728547	1.0
1.0	-1.1671682076575356	1.0
1.0	-2.5555173890480383	1.0
1.0	-1.818485044293622	1.0
1.0	-2.5031535705440295	1.0
1.0	-0.5153630387341589	1.0
0.0	0.858480257368603	1.0
1.0	-0.5343498821711511	1.0
1.0	-1.882773802837749	1.0
1.0	-1.533319546760035	1.0
1.0	-1.3373677700487119	1.0
1.0	-1.3318899727630276	1.0
1.0	-1.3122653245359586	1.0
1.0	-1.6957002286480798	1.0
1.0	-1.8615444937820105	1.0
1.0	-1.3757458372677387	1.0
1.0	-2.174940512891614	1.0
0.0	1.3877688445041836	1.0
1.0	-0.8881279059623612	1.0
1.0	-0.3736814382400667	1.0
1.0	-0.26137476090164186	1.0
1.0	-1.460259448897485	1.0
1.0	-1.570091001051119	1.0
1.0	-1.0673809433738195	1.0
1.0	-0.9410188657915713	1.0
0.0	0.01878626606518135	1.0
0.0	0.08407807041117357	1.0
1.0	-0.5530293891054153	1.0
1.0	-0.8522132365541714	1.0
1.0	-1.669304704377036	1.0
1.0	-0.5711431412626402	1.0
1.0	-2.2231857497972842	1.0
1.0	-0.4415817539988578	1.0
1.0	-1.2190690891019453	1.0
0.0	0.8882937833752111	1.0
1.0	-1.4073649283516234	1.0
1.0	-0.3562957931299985	1.0
1.0	-0.21365309047250436	1.0
0.0	0.8449646407356152	1.0
1.0	-0.7840424473935966	1.0
0.0	0.7253435658638264	1.0
1.0	-0.7420683070569298	1.0
1.0	-0.5759453098663381	1.0
1.0	-0.21655009925613844	1.0
1.0	-1.701890428778044	1.0
1.0	-0.4961069669945921	1.0
1.0	-1.3969261741545556	1.0
1.0	-0.7376251106682061	1.0
1.0	-0.601141842752661	1.0
1.0	-1.3430909177703245	1.0
1.0	-2.0422416287739633	1.0
1.0	-1.117603007407485	1.0
1.0	-2.5428002931419775	1.0
1.0	-0.5856080766685474	1.0
1.0	-1.3183233503887666	1.0
1.0	-1.55807323680394	1.0
1.0	-1.6368130352983583	1.0
1.0	-0.9114907330883987	1.0
1.0	-1.535276165639161	1.0
1.0	-0.7702100847650166	1.0
1.0	-1.309937839254836	1.0
1.0	-0.9747604593849408	1.0
1.0	-1.7043110427867894	1.0
1.0	-1.2871307307414814	1.0
1.0	-1.1868009892342593	1.0
1.0	-1.0435598634118501	1.0
1.0	-0.6473272838794347	1.0
1.0	-1.0412770478834137	1.0
1.0	-1.8860271376390192	1.0
1.0	-1.136197339647119	1.0
1.0	-1.259920370918466	1.0
1.0	-1.0273153834387934	1.0
0.0	0.21502852283616952	1.0
1.0	-2.130676885558221	1.0
1.0	-2.7911715837365287	1.0
1.0	-1.345813141176643	1.0
1.0	-2.1035855771803997	1.0
1.0	-2.020987319188168	1.0
1.0	-0.42298737141929843	1.0
1.0	-2.1357865116807915	1.0
1.0	-1.3435269331226345	1.0
1.0	-1.3281783151382067	1.0
1.0	-0.6220493627441308	1.0
1.0	-1.2874486075455718	1.0
1.0	-1.5054456428319156	1.0
1.0	-1.627805377397562	1.0
1.0	-1.6378160712005556	1.0
0.0	1.0371370278140764	1.0
0.0	1.450563244125861	1.0
1.0	-1.7471972403331473	1.0
1.0	-1.1452488368597802	1.0
1.0	-1.5959821603263635	1.0
1.0	-1.4924582979086307	1.0
1.0	-0.675665895183923	1.0
1.0	-0.616281552530823	1.0
0.0	0.10660303074775485	1.0
1.0	-0.11385120541347188	1.0
1.0	-0.17304007499686777	1.0
1.0	-1.1398689779822746	1.0
1.0	-1.5321317136112964	1.0
1.0	-2.0106232776240134	1.0
1.0	-0.319434667074633	1.0
0.0	0.09509157012544103	1.0
1.0	-0.8386511074801751	1.0
1.0	-0.803051203180455	1.0
1.0	-1.4813834226697933	1.0
1.0	-0.4622904425884643	1.0
1.0	-0.3826221718689746	1.0
1.0	-0.02761151518495788	1.0
0.0	0.8578582645779262	1.0
1.0	-1.4267165472735719	1.0
1.0	-1.292669296972561	1.0
1.0	-1.1783846684331705	1.0
1.0	-1.2516231448210835	1.0
1.0	-1.3859732074053885	1.0
1.0	-1.2640571978751576	1.0
0.0	0.08518909092072169	1.0
1.0	-0.559102318419465	1.0
1.0	-0.5129867335669663	1.0
0.0	0.2527634491404842	1.0
1.0	-1.405707596378419	1.0
0.0	0.1807947260154036	1.0
1.0	-0.38480791778270035	1.0
1.0	-0.4509192799982783	1.0
1.0	-0.10587025071193867	1.0
1.0	-1.0306567774562059	1.0
1.0	-1.791694235398609	1.0
0.0	0.29262353223078474	1.0
1.0	-1.4242652726366365	1.0
1.0	-0.09318504013664558	1.0
1.0	-0.09841667657827348	1.0
1.0	-0.2142956916504592	1.0
1.0	-0.20963430834665642	1.0
1.0	-1.0989659985162405	1.0
1.0	-1.3641967079332467	1.0
0.0	0.9349185422542302	1.0
0.0	0.22477557138340587	1.0
1.0	-0.9012629988767121	1.0
1.0	-0.2210029049501178	1.0
1.0	-1.4880278741074298	1.0
1.0	-0.6752114365580058	1.0
0.0	0.009318189090449507	1.0
1.0	-0.30077035561729326	1.0
0.0	0.289917091355267	1.0
1.0	-0.17855834274880825	1.0
1.0	-1.006212041706532	1.0
1.0	-1.156835290745093	1.0
1.0	-1.8382534195006233	1.0
1.0	-2.2014624836555297	1.0
1.0	-0.7931513757462367	1.0
1.0	-0.2653881098676493	1.0
0.0	0.1368323933064165	1.0
1.0	-1.5445487985429038	1.0
1.0	-0.27799009373405725	1.0
1.0	-0.8094958685684407	1.0
1.0	-0.9595668295130795	1.0
1.0	-0.7875365470496356	1.0
1.0	-0.7338096535479666	1.0
1.0	-0.23882904292856488	1.0
1.0	-0.5225928528326519	1.0
1.0	-1.1148667270145236	1.0
1.0	-0.8348096496950258	1.0
1.0	-0.8094326928699869	1.0
1.0	-1.8333550465210482	1.0
1.0	-0.5190927359668639	1.0
1.0	-0.6573767901317009	1.0
1.0	-0.6913573324603823	1.0
1.0	-1.4369495530659697	1.0
1.0	-0.03249920360326221	1.0
1.0	-2.1980329871632605	1.0
1.0	-1.2606713945117072	1.0
1.0	-0.9744237420578628	1.0
1.0	-1.5517667719677595	1.0
1.0	-1.6344990933940464	1.0
1.0	-1.559858851976966	1.0
1.0	-0.10144930168557947	1.0
0.0	0.15717951181224074	1.0
0.0	1.0205398981421838	1.0
0.0	0.17220858999355626	1.0
1.0	-0.33165929639267244	1.0
1.0	-0.10104844403034366	1.0
1.0	-2.0106232776240134	1.0
1.0	-0.9897965346545361	1.0
0.0	0.023991808918511777	1.0
1.0	-1.5494381441095892	1.0
1.0	-0.7384807734857701	1.0
1.0	-0.42793459092251884	1.0
1.0	-1.1018333197060035	1.0
1.0	-1.2062914653646264	1.0
0.0	0.9763589549208198	1.0
1.0	-0.9175928312924355	1.0
1.0	-1.152144884455182	1.0
1.0	-0.5939239080730503	1.0
1.0	-1.3856381677325424	1.0
1.0	-1.2888959169189298	1.0
1.0	-1.6800490638100372	1.0
1.0	-0.9843266582223134	1.0
1.0	-1.9893256913864692	1.0
1.0	-0.39700133219718564	1.0
1.0	-1.2099712459300973	1.0
1.0	-1.7796376223292878	1.0
1.0	-0.8549192687925306	1.0
1.0	-0.5278700158395148	1.0
1.0	-1.9546220528272518	1.0
1.0	-0.2628640212547526	1.0
1.0	-0.9703524548803625	1.0
1.0	-0.19487238899821951	1.0
1.0	-1.5126413632937445	1.0
1.0	-1.4008443743449197	1.0
1.0	-1.4874653143945045	1.0
1.0	-0.9831632254143191	1.0
1.0	-0.48649036696207176	1.0
1.0	-0.5445053089019805	1.0
1.0	-1.2689239106498889	1.0
1.0	-1.4401916608277572	1.0
1.0	-0.4770898064971484	1.0
1.0	-1.4616411353205556	1.0
1.0	-0.8872011971806469	1.0
1.0	-1.4732196332610272	1.0
1.0	-0.9274985228168093	1.0
1.0	-0.9855144811766385	1.0
1.0	-0.6653742148462705	1.0
1.0	-1.0366785312504485	1.0
1.0	-0.20669971848449062	1.0
0.0	0.06920171337239867	1.0
1.0	-1.312958195894531	1.0
1.0	-1.3070497021964902	1.0
1.0	-1.0192466083624745	1.0
1.0	-0.6269242057647313	1.0
0.0	0.0965361722568231	1.0
1.0	-1.3519221502697365	1.0
0.0	1.6281149188298143	1.0
0.0	0.6446473963515206	1.0
0.0	0.5919254335398261	1.0
1.0	-1.407365686706455	1.0
1.0	-1.2920553882638124	1.0
0.0	0.011945618551994615	1.0
1.0	-0.30758982618578246	1.0
1.0	-2.2895911714815256	1.0
1.0	-0.37146419354269533	1.0
0.0	1.810792529455168	1.0
1.0	-0.7936030542369356	1.0
1.0	-0.8572123638677782	1.0
1.0	-1.1719242563271124	1.0
0.0	1.0050791726124835	1.0
0.0	0.7445290356768454	1.0
0.0	0.1654838259640452	1.0
1.0	-0.39223760582808787	1.0
1.0	-0.007445479591658866	1.0
1.0	-0.14772769018089765	1.0
0.0	0.3524246023960621	1.0
1.0	-1.5071346699959345	1.0
1.0	-1.5369611860640222	1.0
1.0	-0.59067528413708	1.0
1.0	-0.28161521349407725	1.0
1.0	-1.5294447134859201	1.0
1.0	-1.7037114756776057	1.0
1.0	-1.0073576413727414	1.0
1.0	-0.0953153927552263	1.0
1.0	-1.1733390059688449	1.0
0.0	0.2491643183883609	1.0
1.0	-0.07242408391547073	1.0
1.0	-1.5179712161400771	1.0
1.0	-1.9421809218711368	1.0
1.0	-1.8482221407545183	1.0
0.0	0.6718518459535038	1.0
1.0	-1.5654814160804813	1.0
1.0	-0.4298000230297418	1.0
1.0	-0.421141100753554	1.0
1.0	-0.04764365872670006	1.0
1.0	-1.6079489270987797	1.0
1.0	-0.8518939172882882	1.0
1.0	-0.7706422480260855	1.0
1.0	-0.4838408538500164	1.0
0.0	0.2597408717630033	1.0
1.0	-1.9088561634845729	1.0
1.0	-0.3680564032378989	1.0
0.0	0.2534360160839037	1.0
1.0	-0.8112713045478764	1.0
1.0	-0.4546578856590565	1.0
1.0	-0.2738135818174768	1.0
1.0	-1.0358339183517782	1.0
1.0	-1.5019237115339843	1.0
1.0	-1.6772844077327522	1.0
0.0	0.07702616480333346	1.0
1.0	-1.8542528027168985	1.0
1.0	-1.7799910329087139	1.0
1.0	-0.2111458360160273	1.0
1.0	-0.02009118781034718	1.0
1.0	-0.3727018352332112	1.0
0.0	0.9215047225882363	1.0
1.0	-1.9670075232344524	1.0
1.0	-0.6412931673502367	1.0
1.0	-0.888591800781164	1.0
1.0	-1.77256247485269	1.0
0.0	0.1829044725261356	1.0
1.0	-0.7155890321285537	1.0
1.0	-1.4208590451568301	1.0
1.0	-0.1573562486997361	1.0
1.0	-1.494359623907754	1.0
1.0	-0.38348650446866417	1.0
1.0	-0.6611671587488137	1.0
1.0	-1.6353797446016853	1.0
0.0	1.2702624817870336	1.0
0.0	0.848744314702307	1.0
1.0	-1.3841310622300613	1.0
1.0	-0.7737956891119335	1.0
1.0	-0.49579534217342147	1.0
1.0	-1.3859726473459142	1.0
1.0	-1.03543698856471	1.0
0.0	0.4371426424073965	1.0
1.0	-0.0872046067872971	1.0
1.0	-0.18116918050069164	1.0
1.0	-0.27682304166788085	1.0
1.0	-0.027686063247729674	1.0
0.0	0.019191406589427536	1.0
1.0	-0.5029943691121792	1.0
0.0	0.4186102008529923	1.0
1.0	-0.8577395834469304	1.0
1.0	-1.653717293404832	1.0
1.0	-0.16210445722793398	1.0
0.0	0.16572355686905782	1.0
1.0	-1.3963043960239463	1.0
1.0	-0.9923042672764204	1.0
0.0	0.5314781121754044	1.0
1.0	-1.5021242221625222	1.0
1.0	-1.5289372186074282	1.0
1.0	-1.154920510480282	1.0
1.0	-1.0612276670760696	1.0
1.0	-1.4868029152935047	1.0
1.0	-1.0162471670163493	1.0
0.0	1.278723114274926	1.0
0.0	0.20685667637565253	1.0
0.0	1.4629957035483236	1.0
1.0	-1.6105228845889852	1.0
1.0	-0.807540751126901	1.0
1.0	-0.28481798656618634	1.0
1.0	-0.9029309030000995	1.0
1.0	-0.38269381705377303	1.0
1.0	-1.2968516300346886	1.0
1.0	-0.5796822695107327	1.0
0.0	0.8949529242258786	1.0
0.0	1.3103369696108877	1.0
0.0	1.1464823040607452	1.0
1.0	-0.7386607666678359	1.0
0.0	0.5165607049486156	1.0
0.0	0.12739931498373525	1.0
0.0	0.12131704258255491	1.0
1.0	-1.4003563573469104	1.0
1.0	-1.1860472268646427	1.0
1.0	-0.8803853451251116	1.0
1.0	-0.0930094628558828	1.0
1.0	-0.28827772167317806	1.0
0.0	0.1210886766982299	1.0
1.0	-1.609636054213797	1.0
1.0	-2.000837947094499	1.0
1.0	-1.3267375772493402	1.0
1.0	-1.8225025967410777	1.0
1.0	-0.5551338678684631	1.0
0.0	0.49845395315374263	1.0
0.0	0.812922662461409	1.0
1.0	-0.635231211512001	1.0
0.0	0.2708784360282591	1.0
0.0	0.20588682769261601	1.0
0.0	0.3110253760392758	1.0
1.0	-0.636775033833481	1.0
1.0	-1.1997285307899888	1.0
1.0	-1.076898682789648	1.0
1.0	-0.7055997887764288	1.0
0.0	1.241841389978395	1.0
1.0	-1.5550879850227808	1.0
1.0	-0.5826307810513317	1.0
1.0	-0.78263238149328	1.0
1.0	-0.8471580262201296	1.0
1.0	-1.2982372757270577	1.0
0.0	0.13937556002999035	1.0
1.0	-0.8029838127007157	1.0
0.0	1.0230106846646807	1.0
1.0	-0.5300788652289836	1.0
1.0	-0.1649378178631094	1.0
1.0	-2.512053563977861	1.0
1.0	-2.560664328048917	1.0
1.0	-2.044076801511202	1.0
0.0	1.3092037615717926	1.0
1.0	-0.2809985734168521	1.0
1.0	-0.35219849954897675	1.0
0.0	0.1960985577599278	1.0
0.0	0.1147753611980091	1.0
1.0	-0.7475609757227396	1.0
1.0	-1.0378642926563058	1.0
1.0	-0.7650339564578497	1.0
1.0	-0.9190568814332265	1.0
1.0	-2.3227821666487323	1.0
1.0	-1.35448224868603	1.0
1.0	-1.2556250789329637	1.0
1.0	-1.2814754174109262	1.0
1.0	-0.9359042128774153	1.0
1.0	-1.6569272333640321	1.0
1.0	-1.9147813032863135	1.0
1.0	-1.4912687345773337	1.0
1.0	-0.6495095575592612	1.0
1.0	-0.9076361073350663	1.0
1.0	-0.58364360801777	1.0
1.0	-1.3245039317794554	1.0
1.0	-1.3245039317794554	1.0
1.0	-1.2132720926905085	1.0
0.0	1.1058687002201006	1.0
1.0	-1.388074784122935	1.0
1.0	-1.520964691444656	1.0
1.0	-0.6004214505257829	1.0
1.0	-1.3732926806114127	1.0
1.0	-0.8221937299655645	1.0
1.0	-0.05663976602290798	1.0
1.0	-1.4187241109021445	1.0
0.0	0.7887604028301429	1.0
1.0	-1.6386048536566047	1.0
1.0	-0.7509972855831843	1.0
1.0	-0.31286035855487915	1.0
0.0	0.5473518292863162	1.0
1.0	-0.7388433839586224	1.0
1.0	-1.9043569412799903	1.0
0.0	0.13863852179773856	1.0
1.0	-1.2483098476000893	1.0
1.0	-0.6084034494312195	1.0
1.0	-0.31133112247029315	1.0
1.0	-1.373217629096821	1.0
0.0	0.27629259370042586	1.0
1.0	-0.37555598693600306	1.0
1.0	-0.9178888379601138	1.0
1.0	-0.09888381504327404	1.0
1.0	-1.4942990265457134	1.0
0.0	1.1338954778114643	1.0
1.0	-1.569220281003384	1.0
0.0	1.2831868622330396	1.0
1.0	-0.9151820335238217	1.0
1.0	-0.09862954462247164	1.0
1.0	-1.2246178010330775	1.0
1.0	-1.3383097216128625	1.0
1.0	-0.7358571182176196	1.0
1.0	-2.014298853406084	1.0
1.0	-1.912594950367026	1.0
1.0	-0.3817612184682389	1.0
1.0	-0.4206879550156967	1.0
1.0	-1.655162561487634	1.0
0.0	0.23132353636599795	1.0
0.0	0.06831606492893644	1.0
1.0	-1.3608556157629579	1.0
1.0	-1.238148911491928	1.0
1.0	-1.4602410313220133	1.0
0.0	0.03303918548876406	1.0
1.0	-1.0614877072073157	1.0
1.0	-2.0353990390285177	1.0
1.0	-0.6251885779486686	1.0
1.0	-1.2350774335763293	1.0
1.0	-0.6522501418052171	1.0
1.0	-1.0186371672486616	1.0
1.0	-1.4480942188260437	1.0
1.0	-0.7683024179078108	1.0
1.0	-0.33250995720505594	1.0
1.0	-1.1342912482678817	1.0
1.0	-0.21589828031394256	1.0
1.0	-0.4520750361061135	1.0
1.0	-1.2167313977670118	1.0
1.0	-0.8936802073815653	1.0
0.0	0.4089556827119694	1.0
0.0	1.7856839409732173	1.0
0.0	1.3477227390104114	1.0
1.0	-1.7548546393244113	1.0
1.0	-0.3012623736507787	1.0
1.0	-0.9268175783533648	1.0
1.0	-0.358052143188791	1.0
1.0	-1.300930632089537	1.0
1.0	-0.2994366279523516	1.0
1.0	-2.1420085620983826	1.0
1.0	-0.7727626284168985	1.0
1.0	-1.1428630213979336	1.0
1.0	-0.5480965265888704	1.0
1.0	-0.6698858718442902	1.0
1.0	-0.6836226531061245	1.0
0.0	0.12268896843573607	1.0
1.0	-0.23030365084156199	1.0
1.0	-0.6774911008869396	1.0
1.0	-0.6300702187395663	1.0
1.0	-0.4867730489291263	1.0
0.0	1.0066599544940364	1.0
1.0	-0.4116550759237645	1.0
1.0	-1.2026605858457875	1.0
0.0	1.2628704733324683	1.0
0.0	1.2243503164589928	1.0
1.0	-1.1596239082857238	1.0
1.0	-1.576161602117838	1.0
1.0	-1.2626210780852503	1.0
1.0	-1.4415706530856773	1.0
1.0	-0.618098529368143	1.0
0.0	0.6666950948898247	1.0
1.0	-1.6240134026490107	1.0
0.0	1.0246984959463912	1.0
1.0	-0.39705300387952647	1.0
0.0	1.1736145988444482	1.0
1.0	-1.4574467610981676	1.0
1.0	-1.620188906504649	1.0
1.0	-0.7094089017939	1.0
1.0	-1.3270538445195346	1.0
1.0	-1.346836582779107	1.0
1.0	-0.27373607103368924	1.0
1.0	-1.516281061133642	1.0
1.0	-1.8357122663864076	1.0
1.0	-0.14922389942133196	1.0
1.0	-0.7658522587538539	1.0
1.0	-0.06838445625244269	1.0
1.0	-0.3930837548020789	1.0
1.0	-1.2740749699061849	1.0
1.0	-1.2046887068723964	1.0
1.0	-1.381435197049973	1.0
1.0	-0.804353007232562	1.0
1.0	-1.3529957741756111	1.0
1.0	-0.12527924999289872	1.0
1.0	-1.285101913775158	1.0
1.0	-1.2007755847936177	1.0
1.0	-1.5875049735988276	1.0
1.0	-1.9712147652386132	1.0
1.0	-0.6202783072792031	1.0
1.0	-0.32978316294672644	1.0
1.0	-1.8300299653130212	1.0
1.0	-0.744350117540133	1.0
1.0	-0.9872991622364887	1.0
0.0	1.0126760645998663	1.0
1.0	-1.1532791313461948	1.0
1.0	-1.040699240804974	1.0
1.0	-1.100951924445058	1.0
1.0	-1.025711761037334	1.0
1.0	-0.5438603087984399	1.0
1.0	-1.2276631008895484	1.0
1.0	-1.3332692695572632	1.0
0.0	0.19798692260522538	1.0
1.0	-0.6091023358214711	1.0
1.0	-1.2262036278608572	1.0
1.0	-1.6732959153604698	1.0
1.0	-0.29922241298474017	1.0
1.0	-1.6760616913117208	1.0
1.0	-1.7388876518526968	1.0
1.0	-1.0421040455218629	1.0
1.0	-1.3504743472464458	1.0
1.0	-0.7348980912943611	1.0
1.0	-1.2088815047604142	1.0
1.0	-0.8059630982109567	1.0
1.0	-0.4091791541990773	1.0
1.0	-1.600128516056951	1.0
1.0	-0.4493060008072983	1.0
1.0	-1.116450633539443	1.0
1.0	-2.194274568133819	1.0
1.0	-0.7194457659341384	1.0
1.0	-1.7172920876512419	1.0
0.0	0.8167472837469173	1.0
0.0	1.251209429943956	1.0
1.0	-1.8767612306361316	1.0
1.0	-0.3827467374199737	1.0
1.0	-1.3613828684105636	1.0
1.0	-1.1071313322768985	1.0
1.0	-1.2475856524370483	1.0
0.0	1.0483268622616724	1.0
1.0	-0.3655394646502031	1.0
1.0	-2.3331903364438666	1.0
0.0	0.7362673985163608	1.0
1.0	-0.8106669813751848	1.0
1.0	-1.1056234408224688	1.0
0.0	0.0985792039385765	1.0
1.0	-1.6702108746337594	1.0
1.0	-1.9880495475897495	1.0
0.0	0.8167786312038279	1.0
1.0	-1.083792124545907	1.0
1.0	-1.0267193779801513	1.0
0.0	0.3194062021585129	1.0
1.0	-1.1479581456401846	1.0
1.0	-0.9172842582700226	1.0
1.0	-0.21746387494962768	1.0
1.0	-0.13416566559242837	1.0
1.0	-0.026508879482956597	1.0
1.0	-0.4621726675231061	1.0
0.0	0.13714039441123366	1.0
1.0	-1.1441921594902593	1.0
1.0	-0.9884433165443426	1.0
0.0	0.09815058786357367	1.0
1.0	-0.8031839166892147	1.0
0.0	0.8217375578346512	1.0
0.0	0.731615390629696	1.0
1.0	-1.1903549190277323	1.0
1.0	-1.1563105941854335	1.0
1.0	-0.43192943094825964	1.0
0.0	1.590464160776716	1.0
0.0	1.1878454105259906	1.0
1.0	-1.4316920964802762	1.0
1.0	-1.1047804418994185	1.0
1.0	-1.2564036714130296	1.0
1.0	-0.9468745210576481	1.0
1.0	-0.9068727983380804	1.0
1.0	-0.22879551279089755	1.0
0.0	0.9306480980801553	1.0
1.0	-0.29020170533130324	1.0
1.0	-0.8320054085226659	1.0
1.0	-0.7310825826572248	1.0
1.0	-1.9997288015547714	1.0
1.0	-0.9786418980545779	1.0
1.0	-1.3716205416867222	1.0
1.0	-0.884876241343503	1.0
0.0	0.1471289216210866	1.0
1.0	-1.7030775533878741	1.0
1.0	-1.113499399762811	1.0
1.0	-1.610755753981765	1.0
1.0	-1.0128027279886376	1.0
1.0	-1.9273697425006793	1.0
1.0	-1.2391492861123659	1.0
0.0	0.3290937726444571	1.0
0.0	0.0913097297108709	1.0
1.0	-1.2715681937022556	1.0
1.0	-0.5843895954721726	1.0
0.0	1.1049955180951467	1.0
1.0	-0.6488878747984351	1.0
1.0	-0.993126397394113	1.0
1.0	-0.14303601009503486	1.0
1.0	-1.3388434841720795	1.0
1.0	-1.9402983696850375	1.0
1.0	-1.1516582615412447	1.0
1.0	-1.7549469609065744	1.0
1.0	-0.9499207744872368	1.0
0.0	0.20291809659557314	1.0
1.0	-0.29141871546750986	1.0
1.0	-0.5472702722934061	1.0
0.0	0.8587656581617171	1.0
1.0	-1.6382934309920816	1.0
0.0	1.3707890168751689	1.0
1.0	-0.5238283346721688	1.0
1.0	-2.3205973359325447	1.0
1.0	-0.2964801155039156	1.0
1.0	-1.8408191556020117	1.0
1.0	-0.941203324807786	1.0
1.0	-0.013052863455806939	1.0
1.0	-1.265801151317518	1.0
1.0	-0.6218682488755539	1.0
1.0	-0.20594532475763005	1.0
1.0	-1.657230144932468	1.0
1.0	-0.6746011205205731	1.0
1.0	-1.1983813444945746	1.0
1.0	-1.5873948400639866	1.0
1.0	-1.0570361034199138	1.0
1.0	-1.3890303783325977	1.0
1.0	-1.9505427380557434	1.0
1.0	-0.3160672903818822	1.0
1.0	-1.2604456805888256	1.0
0.0	0.0029544059843679485	1.0
1.0	-0.9511347087917955	1.0
1.0	-0.8846096871769836	1.0
1.0	-1.1120137681780633	1.0
1.0	-0.046021909385506814	1.0
0.0	0.9154296219098936	1.0
1.0	-0.007609083855745706	1.0
1.0	-0.0993224429023096	1.0
1.0	-0.4667002726316018	1.0
1.0	-1.285771223143615	1.0
1.0	-0.33571128448313137	1.0
1.0	-1.9163488999776543	1.0
1.0	-0.5612500831047429	1.0
1.0	-1.5439581918461889	1.0
1.0	-1.4945132408455806	1.0
1.0	-0.4441468906204637	1.0
1.0	-1.2556992225196875	1.0
1.0	-0.5727103474137922	1.0
1.0	-0.354195380203898	1.0
1.0	-1.1607745296104088	1.0
0.0	0.34219261737879775	1.0
0.0	0.9149200680444396	1.0
0.0	0.39913927321121595	1.0
1.0	-0.700517842918088	1.0
1.0	-1.5727840236283865	1.0
1.0	-1.5931404238694264	1.0
1.0	-1.558160128584786	1.0
1.0	-1.949832577765237	1.0
1.0	-0.7649704231220067	1.0
1.0	-1.5703678906412506	1.0
1.0	-0.9216013246581791	1.0
0.0	0.32938987969415945	1.0
1.0	-0.7904354694688634	1.0
1.0	-1.4527807871104579	1.0
1.0	-1.9484178731401691	1.0
1.0	-1.4045457343518248	1.0
1.0	-1.4228751705379776	1.0
0.0	0.26791110870312007	1.0
1.0	-0.06445468315683697	1.0
0.0	0.4777303905049838	1.0
1.0	-1.3601418869073392	1.0
1.0	-0.836549656038274	1.0
1.0	-0.9814759358957217	1.0
1.0	-1.20300634568055	1.0
1.0	-0.11343829261923377	1.0
